   3.9775040464   -0.7661695776    1.6848589072
   5.3119617002    1.1190757577   -0.1337944408
   4.6454400145    1.8714232147   -0.1337944408
   3.7056310749    2.2278457320   -0.1337944408
   3.9775040464   -0.7661695776   -1.9524477887
   2.1984809701   -0.5869779951    2.0035461841
   2.1984809701   -0.5869779951   -2.1964538159
   2.0252749196   -1.9048825466    1.9884501384
   3.0752749196   -1.9048825466    1.7071034863
   2.5502749196   -2.8142092205    1.7071034863
   3.0752749196   -1.9048825466   -1.9302032096
   2.5502749196   -2.8142092205   -1.9302032096
   2.0252749196   -1.9048825466   -2.2115498616
   0.7715846208   -2.2827563715    2.0314311172
  -0.2784153792   -2.2827563715    1.7500844651
   0.2465846208   -3.1920830455    1.7500844651
   1.2965846208   -3.1920830455    1.7500844651
   0.5127632637   -4.0828984506    0.9814311172
   1.5270805250   -3.9370616452    0.9814311172
   0.0269143580   -4.2462904811   -0.0685688828
   1.0247116494   -4.3674450071   -0.0685688828
   1.9645205890   -4.0110224899   -0.0685688828
  -0.4193800454   -3.6572028651   -1.1185688828
   0.5127632637   -4.0828984506   -1.1185688828
   1.5270805250   -3.9370616452   -1.1185688828
  -0.2784153792   -2.2827563715   -1.8872222308
   0.2465846208   -3.1920830455   -1.8872222308
   1.2965846208   -3.1920830455   -1.8872222308
   0.7715846208   -2.2827563715   -2.1685688828
   0.0893154934   -1.1235964438    2.0776028912
   1.1393154934   -1.1235964438    1.7962562391
  -0.4356845066   -2.0329231177    1.7962562391
  -0.4356845066   -0.2142697698   -1.8410504568
  -0.4356845066   -2.0329231177   -1.8410504568
   0.0893154934   -1.1235964438   -2.1223971088
  -1.2706155743   -0.9754506687    2.1338226787
  -0.7456155743   -1.8847773427    1.8524760267
  -0.7456155743   -0.0661239947   -1.7848306692
  -1.2706155743   -0.9754506687   -2.0661773213
  -1.1309087900   -2.1147111996    1.8693306316
  -1.6559087900   -3.0240378736    1.8693306316
  -4.2198866066   -1.6121483046    0.0506772837
  -4.2198866066   -2.6172740946    0.0506772837
  -3.7527813611   -3.5072687819    0.0506772837
  -2.9255790527   -4.0782453093    0.0506772837
  -1.1309087900   -2.1147111996   -1.7679760642
  -1.6559087900   -3.0240378736   -1.7679760642
  -1.8065842123    0.2869450674    2.1760110368
  -0.7565842123    0.2869450674    1.8946643847
  -2.3315842123    1.1962717414    1.8946643847
  -2.3315842123   -0.6223816065    1.8946643847
  -0.7565842123    0.2869450674   -1.7426423112
  -2.3315842123    1.1962717414   -1.7426423112
  -1.8065842123    0.2869450674   -2.0239889632
  -2.9917947690    0.4579592555    2.0856746888
  -2.5017947690    1.3066641512    1.8230844802
  -3.4817947690    1.3066641512    1.8230844802
  -3.9717947690    0.4579592555    1.8230844802
  -3.4817947690   -0.3907456402    1.8230844802
  -4.3650281366    1.4556716980    1.1056746888
  -4.6892045604    0.4579592555    1.1056746888
  -4.3650281366   -0.5397531870    1.1056746888
  -3.9717947690    2.1553690469    0.1256746888
  -4.6892045604    1.4379592555    0.1256746888
  -4.9517947690    0.4579592555    0.1256746888
  -4.6892045604   -0.5220407445    0.1256746888
  -4.3650281366    1.4556716980   -0.8543253112
  -4.6892045604    0.4579592555   -0.8543253112
  -4.3650281366   -0.5397531870   -0.8543253112
  -3.4817947690    1.3066641512   -1.5717351026
  -3.9717947690    0.4579592555   -1.5717351026
  -3.4817947690   -0.3907456402   -1.5717351026
  -2.9917947690    0.4579592555   -1.8343253112
  -0.9307180076    1.3679889031    2.1593119387
  -0.4057180076    2.2773155770    1.8779652866
  -0.4057180076    0.4586622291    1.8779652866
  -0.4057180076    2.2773155770   -1.7593414093
  -1.9807180076    1.3679889031   -1.7593414093
  -0.4057180076    0.4586622291   -1.7593414093
  -0.9307180076    1.3679889031   -2.0406880613
  -0.5168537819    2.6858697308    1.9251206608
  -1.8256751390    4.4860118100    1.1564673129
  -2.3115240447    4.6494038405    0.1064673129
  -3.1387263530    4.0784273131    0.1064673129
  -1.8256751390    4.4860118100   -0.9435326871
  -0.5168537819    2.6858697308   -1.7121860351
  -1.0418537819    3.5951964048   -1.7121860351
   0.4617282727    1.3018923500    2.1036172736
   1.5117282727    1.3018923500    1.8222706215
  -0.0632717273    2.2112190239    1.8222706215
  -0.0632717273    0.3925656760    1.8222706215
   1.5117282727    1.3018923500   -1.8150360744
  -0.0632717273    2.2112190239   -1.8150360744
   0.4617282727    1.3018923500   -2.0963827264
   1.1575243803    2.2817719950    1.9529586577
   2.1375243803    2.2817719950    1.6903684492
   1.6475243803    3.1304768907    1.6903684492
   0.6675243803    3.1304768907    1.6903684492
   2.8549341718    2.2817719950    0.9729586577
   2.5307577480    3.2794844375    0.9729586577
   1.6820528523    3.8961046380    0.9729586577
   0.6329959084    3.8961046380    0.9729586577
   3.1175243803    2.2817719950   -0.0070413423
   2.8549341718    3.2617719950   -0.0070413423
   2.1375243803    3.9791817865   -0.0070413423
   1.1575243803    4.2417719950   -0.0070413423
   2.5307577480    3.2794844375   -0.9870413423
   1.6820528523    3.8961046380   -0.9870413423
   0.6329959084    3.8961046380   -0.9870413423
   2.1375243803    2.2817719950   -1.7044511337
   1.6475243803    3.1304768907   -1.7044511337
   0.6675243803    3.1304768907   -1.7044511337
   1.1575243803    2.2817719950   -1.9670413423
   0.9235186494   -0.0535046996    2.0623761038
  -0.1264813506   -0.0535046996    1.7810294517
   1.4485186494    0.8558219744   -1.8562772442
  -0.1264813506   -0.0535046996   -1.8562772442
   0.9235186494   -0.0535046996   -2.1376238962
   4.7089096283    1.8096376173   -0.4847221668
   3.7623937164    2.3561088338   -0.4847221668
   5.0827179558    0.7826076781   -1.5230192679
   4.7089096283    1.8096376173   -1.5230192679
   3.7623937164    2.3561088338   -1.5230192679
   2.6860555348    2.1663213721   -1.5230192679
   1.9835256807    1.3290788946   -1.5230192679
   4.4724222323    0.7826076781   -2.3630192679
   3.7900908702    1.7217562287   -2.3630192679
   2.6860555348    1.3630334028   -2.3630192679
   2.6860555348    0.2021819534   -2.3630192679
   3.7900908702   -0.1565408724   -2.3630192679
   3.4849430085    0.7826076781   -2.6838707174
   5.2497236450   -0.5719001113    1.1821900252
   4.5673922829   -1.5110486618    1.1821900252
   5.8600193685   -0.5719001113    0.3421900252
   5.4862110410    0.4551298280    0.3421900252
   4.5396951291   -2.1454012670    0.3421900252
   5.4862110410   -1.5989300505    0.3421900252
   5.8600193685   -0.5719001113   -0.6961070759
   5.4862110410    0.4551298280   -0.6961070759
   4.5396951291   -2.1454012670   -0.6961070759
   5.4862110410   -1.5989300505   -0.6961070759
   5.2497236450   -0.5719001113   -1.5361070759
   4.5673922829   -1.5110486618   -1.5361070759
   3.5535626812    0.7544087581    2.4311416897
   4.5410419051    0.7544087581    2.1102902403
   3.8587105430    1.6935573086    2.1102902403
   2.7546752075    1.3348344828    2.1102902403
   2.7546752075    0.1739830334    2.1102902403
   3.8587105430   -0.1847397925    2.1102902403
   5.1513376286    0.7544087581    1.2702902403
   4.7775293010    1.7814386973    1.2702902403
   3.8310133892    2.3279099138    1.2702902403
   2.7546752075    2.1381224520    1.2702902403
   4.7775293010    1.7814386973    0.2319931392
   3.8310133892    2.3279099138    0.2319931392
   3.8409702357   -2.5831663684    1.2037466592
   3.1586388736   -3.5223149189    1.2037466592
   4.4512659593   -2.5831663684    0.3637466592
   2.0546035382   -3.9668800623    0.3637466592
   3.1309417198   -4.1566675241    0.3637466592
   4.0774576317   -3.6101963076    0.3637466592
   4.4512659593   -2.5831663684   -0.6745504419
   2.0546035382   -3.9668800623   -0.6745504419
   3.1309417198   -4.1566675241   -0.6745504419
   4.0774576317   -3.6101963076   -0.6745504419
   3.8409702357   -2.5831663684   -1.5145504419
   3.1586388736   -3.5223149189   -1.5145504419
  -0.5997901708   -3.0134222843    1.3727188132
  -1.2821215329   -3.9525708348    1.3727188132
  -2.3861568684   -4.3971359783    0.5327188132
  -1.3098186867   -4.5869234400    0.5327188132
  -0.3633027749   -4.0404522235    0.5327188132
  -2.3861568684   -4.3971359783   -0.5055782879
  -1.3098186867   -4.5869234400   -0.5055782879
  -0.3633027749   -4.0404522235   -0.5055782879
  -1.2821215329   -3.9525708348   -1.3455782879
  -2.7757650821   -2.1005252318    2.6331764057
  -1.7882858583   -2.1005252318    2.3123249562
  -2.4706172203   -1.1613766812    2.3123249562
  -3.5746525558   -1.5200995070    2.3123249562
  -3.5746525558   -2.6809509565    2.3123249562
  -2.4706172203   -3.0396737823    2.3123249562
  -4.2771824098   -1.5540540153    1.4723249562
  -4.2771824098   -2.6469964483    1.4723249562
  -3.5746525558   -3.4842389257    1.4723249562
  -2.4983143742   -3.6740263875    1.4723249562
  -4.2771824098   -1.5540540153    0.4340278551
  -4.2771824098   -2.6469964483    0.4340278551
  -4.3447924611   -1.5262470596   -0.2834144372
  -4.3447924611   -2.6191894926   -0.2834144372
  -4.3447924611   -1.5262470596   -1.3217115383
  -4.3447924611   -2.6191894926   -1.3217115383
  -3.6422626070   -3.4564319701   -1.3217115383
  -1.8558959095   -2.0727182761   -2.1617115383
  -2.5382272716   -1.1335697256   -2.1617115383
  -3.6422626070   -1.4922925514   -2.1617115383
  -3.6422626070   -2.6531440008   -2.1617115383
  -2.5382272716   -3.0118668267   -2.1617115383
  -2.8433751333   -2.0727182761   -2.4825629878
   0.1988304075    3.4279269758    1.4439756856
  -0.4835009546    4.3670755264    1.4439756856
   0.4353178034    4.4549569151    0.6039756856
  -0.5111981085    5.0014281316    0.6039756856
  -1.5875362901    4.8116406698    0.6039756856
   0.4353178034    4.4549569151   -0.4343214155
  -0.5111981085    5.0014281316   -0.4343214155
  -1.5875362901    4.8116406698   -0.4343214155
  -0.4835009546    4.3670755264   -1.2743214155
  -3.0233867582    4.1908021085   -0.2231442900
  -3.7259166122    3.3535596310   -0.2231442900
  -3.7259166122    2.2606171980   -0.2231442900
  -1.9470485766    4.3805895703   -1.2614413911
  -3.0233867582    4.1908021085   -1.2614413911
  -3.7259166122    3.3535596310   -1.2614413911
  -3.7259166122    2.2606171980   -1.2614413911
  -1.2370200607    2.8070884145   -2.1014413911
  -1.9193514227    3.7462369651   -2.1014413911
  -3.0233867582    3.3875141393   -2.1014413911
  -3.0233867582    2.2266626898   -2.1014413911
  -1.9193514227    1.8679398640   -2.1014413911
  -2.2244992845    2.8070884145   -2.4222928406
  -2.1501952159    2.7806111325    2.6911303153
  -1.1627159920    2.7806111325    2.3702788658
  -1.8450473541    3.7197596831    2.3702788658
  -2.9490826896    3.3610368572    2.3702788658
  -2.9490826896    2.2001854078    2.3702788658
  -1.8450473541    1.8414625820    2.3702788658
  -1.8727445079    4.3541122883    1.5302788658
  -2.9490826896    4.1643248265    1.5302788658
  -3.6516125436    3.3270823490    1.5302788658
  -3.6516125436    2.2341399160    1.5302788658
  -3.6516125436    3.3270823490    0.4919817647
   3.9731645333   -0.7586533205    2.0285308422
   5.3288996043    0.1431570964    1.3625810837
   5.5606153199    1.1583699793    0.4002558007
   5.5606153199    1.1583699793   -0.6678446823
   5.3288996043    0.1431570964   -1.6301699653
   3.9731645333   -0.7586533205   -2.2961197238
   2.1984809701   -0.5869779951    2.3035461841
   2.1984809701   -0.5869779951   -2.4964538159
   2.0252749196   -1.9048825466    2.2884501384
   3.0665958935   -1.9048825466    2.0507754213
   2.5459354066   -2.8066929634    2.0507754213
   3.9016704776   -1.9048825466    1.3848256628
   3.0665958935   -1.9048825466   -2.2738751446
   2.5459354066   -2.8066929634   -2.2738751446
   2.0252749196   -1.9048825466   -2.5115498616
   0.7715846208   -2.2827563715    2.3314311172
  -0.2697363531   -2.2827563715    2.0937564001
   0.2509241339   -3.1845667884    2.0937564001
   1.2922451078   -3.1845667884    2.0937564001
  -0.4571931514   -3.7008415157    1.4278066416
   0.5045456905   -4.1400529282    1.4278066416
   1.5510675059   -3.9895858069    1.4278066416
   0.2509241339   -4.5639190130    0.4654813587
   1.2922451078   -4.5639190130    0.4654813587
   0.2509241339   -4.5639190130   -0.6026191243
   1.2922451078   -4.5639190130   -0.6026191243
  -0.4571931514   -3.7008415157   -1.5649444073
   0.5045456905   -4.1400529282   -1.5649444073
   1.5510675059   -3.9895858069   -1.5649444073
  -0.2697363531   -2.2827563715   -2.2308941658
   0.2509241339   -3.1845667884   -2.2308941658
   1.2922451078   -3.1845667884   -2.2308941658
   0.7715846208   -2.2827563715   -2.4685688828
   0.0893154934   -1.1235964438    2.3776028912
   1.1306364673   -1.1235964438    2.1399281741
  -0.4313449935   -2.0254068606    2.1399281741
  -0.4313449935   -0.2217860269   -2.1847223918
  -0.4313449935   -2.0254068606   -2.1847223918
   0.0893154934   -1.1235964438   -2.4223971088
  -1.2706155743   -0.9754506687    2.4338226787
  -0.7499550873   -1.8772610856    2.1961479617
  -0.7499550873   -0.0736402518   -2.1285026042
  -1.2706155743   -0.9754506687   -2.3661773213
  -1.1395878161   -2.1147111996    2.2130025667
  -2.4479477203   -3.9720077563    1.5470528082
  -3.6397670559   -3.9440616034    0.5847275252
  -3.6397670559   -3.9440616034   -0.4833729578
  -2.4479477203   -3.9720077563   -1.4456982408
  -1.1395878161   -2.1147111996   -2.1116479993
  -1.6602483030   -3.0165216165   -2.1116479993
  -1.8065842123    0.2869450674    2.4760110368
  -0.7652632384    0.2869450674    2.2383363197
  -2.3272446992    1.1887554843    2.2383363197
  -2.3272446992   -0.6148653494    2.2383363197
  -0.7652632384    0.2869450674   -2.0863142462
  -2.3272446992    1.1887554843   -2.0863142462
  -1.8065842123    0.2869450674   -2.3239889632
  -2.9917947690    0.4579592555    2.3656746888
  -3.4777445568    1.2996489779    2.1438449529
  -3.9636943446    0.4579592555    2.1438449529
  -3.4777445568   -0.3837304669    2.1438449529
  -4.4086282705    1.4873490495    1.5222918449
  -4.7430972897    0.4579592555    1.5222918449
  -4.4086282705   -0.5714305385    1.5222918449
  -4.6264213759    1.9061120622    0.6241215808
  -5.1121749137    0.9805860224    0.6241215808
  -5.1121749137   -0.0646675114    0.6241215808
  -4.6264213759   -0.9901935512    0.6241215808
  -4.6264213759    1.9061120622   -0.3727722033
  -5.1121749137    0.9805860224   -0.3727722033
  -5.1121749137   -0.0646675114   -0.3727722033
  -4.6264213759   -0.9901935512   -0.3727722033
  -4.4086282705    1.4873490495   -1.2709424674
  -4.7430972897    0.4579592555   -1.2709424674
  -4.4086282705   -0.5714305385   -1.2709424674
  -3.4777445568    1.2996489779   -1.8924955753
  -3.9636943446    0.4579592555   -1.8924955753
  -3.4777445568   -0.3837304669   -1.8924955753
  -2.9917947690    0.4579592555   -2.1143253112
  -0.9307180076    1.3679889031    2.4593119387
  -0.4100575206    2.2697993199    2.2216372216
  -0.4100575206    0.4661784862    2.2216372216
  -0.4100575206    2.2697993199   -2.1030133443
  -1.9720389814    1.3679889031   -2.1030133443
  -0.4100575206    0.4661784862   -2.1030133443
  -0.9307180076    1.3679889031   -2.3406880613
  -0.5255328080    2.6858697308    2.2687925958
  -2.0875142688    4.9670323723    0.6405175544
  -3.0257120478    4.5152201346    0.6405175544
  -2.0875142688    4.9670323723   -0.4275829286
  -0.5255328080    2.6858697308   -2.0558579701
  -1.0461932949    3.5876801477   -2.0558579701
   0.4617282727    1.3018923500    2.4036172736
   1.5030492465    1.3018923500    2.1659425565
  -0.0589322143    2.2037027668    2.1659425565
  -0.0589322143    0.4000819331    2.1659425565
   1.5030492465    1.3018923500   -2.1587080094
  -0.0589322143    2.2037027668   -2.1587080094
   0.4617282727    1.3018923500   -2.3963827264
   1.1575243803    2.2817719950    2.2329586577
   2.1294239560    2.2817719950    2.0111289219
   1.6434741682    3.1234617175    2.0111289219
   0.6715745925    3.1234617175    2.0111289219
   2.5743578819    3.3111617890    1.3895758139
   1.6987066215    3.9473596694    1.3895758139
   0.6163421391    3.9473596694    1.3895758139
   3.0912173598    3.2966523608    0.4914055498
   2.3980860580    4.0790358654    0.4914055498
   1.4207570262    4.4496878767    0.4914055498
   3.0912173598    3.2966523608   -0.5054882343
   2.3980860580    4.0790358654   -0.5054882343
   1.4207570262    4.4496878767   -0.5054882343
   2.5743578819    3.3111617890   -1.4036584984
   1.6987066215    3.9473596694   -1.4036584984
   0.6163421391    3.9473596694   -1.4036584984
   2.1294239560    2.2817719950   -2.0252116064
   1.6434741682    3.1234617175   -2.0252116064
   0.6715745925    3.1234617175   -2.0252116064
   1.1575243803    2.2817719950   -2.2470413423
   0.9235186494   -0.0535046996    2.3623761038
  -0.1178023245   -0.0535046996    2.1247013868
   1.4441791363    0.8483057173   -2.1999491792
  -0.1178023245   -0.0535046996   -2.1999491792
   0.9235186494   -0.0535046996   -2.4376238962
   5.1477117837    1.7426076781   -1.0038707174
   4.4449430085    2.4453764534   -1.0038707174
   3.4849430085    2.7026076781   -1.0038707174
   5.1477117837    0.7826076781   -1.9638707174
   4.8301512054    1.7599586422   -1.9638707174
   3.9987668177    2.3639947569   -1.9638707174
   2.9711191992    2.3639947569   -1.9638707174
   2.1397348116    1.7599586422   -1.9638707174
   4.4449430085    0.7826076781   -2.6666394926
   3.9649430085    1.6139920657   -2.6666394926
   3.0049430085    1.6139920657   -2.6666394926
   2.5249430085    0.7826076781   -2.6666394926
   3.0049430085   -0.0487767095   -2.6666394926
   3.9649430085   -0.0487767095   -2.6666394926
   3.4849430085    0.7826076781   -2.9238707174
   5.2222444212   -0.5719001113    1.4858102499
   4.7422444212   -1.4032844989    1.4858102499
   5.9250131964   -0.5719001113    0.7830414747
   4.7760682304   -2.1532871901    0.7830414747
   5.6074526181   -1.5492510754    0.7830414747
   6.1822444212   -0.5719001113   -0.1769585253
   5.9250131964    0.3880998887   -0.1769585253
   5.2222444212   -2.2346688865   -0.1769585253
   5.9250131964   -1.5319001113   -0.1769585253
   5.9250131964   -0.5719001113   -1.1369585253
   4.7760682304   -2.1532871901   -1.1369585253
   5.6074526181   -1.5492510754   -1.1369585253
   5.2222444212   -0.5719001113   -1.8397273006
   4.7422444212   -1.4032844989   -1.8397273006
   3.5535626812    0.7544087581    2.6711416897
   4.5135626812    0.7544087581    2.4139104650
   4.0335626812    1.5857931457    2.4139104650
   3.0735626812    1.5857931457    2.4139104650
   2.5935626812    0.7544087581    2.4139104650
   3.0735626812   -0.0769756296    2.4139104650
   4.0335626812   -0.0769756296    2.4139104650
   5.2163314565    0.7544087581    1.7111416897
   4.8987708781    1.7317597222    1.7111416897
   4.0673864905    2.3357958369    1.7111416897
   3.0397388719    2.3357958369    1.7111416897
   5.2163314565    1.7144087581    0.7511416897
   4.5135626812    2.4171775333    0.7511416897
   3.5535626812    2.6744087581    0.7511416897
   3.8134910119   -2.5831663684    1.5073668839
   3.3334910119   -3.4145507560    1.5073668839
   4.5162597871   -2.5831663684    0.8045981086
   2.3396672026   -4.1645534472    0.8045981086
   3.3673148212   -4.1645534472    0.8045981086
   4.1986992088   -3.5605173324    0.8045981086
   4.7734910119   -2.5831663684   -0.1554018914
   2.8534910119   -4.5031663684   -0.1554018914
   3.8134910119   -4.2459351436   -0.1554018914
   4.5162597871   -3.5431663684   -0.1554018914
   4.5162597871   -2.5831663684   -1.1154018914
   2.3396672026   -4.1645534472   -1.1154018914
   3.3673148212   -4.1645534472   -1.1154018914
   4.1986992088   -3.5605173324   -1.1154018914
   3.8134910119   -2.5831663684   -1.8181706666
   3.3334910119   -3.4145507560   -1.8181706666
  -1.1072693947   -3.8448066719    1.6763390379
  -2.1010932039   -4.5948093631    0.9735702626
  -1.0734455854   -4.5948093631    0.9735702626
  -2.5472693947   -4.6761910596    0.0135702626
  -1.5872693947   -4.9334222843    0.0135702626
  -0.6272693947   -4.6761910596    0.0135702626
  -2.1010932039   -4.5948093631   -0.9464297374
  -1.0734455854   -4.5948093631   -0.9464297374
  -2.0672693947   -3.8448066719   -1.6491985127
  -1.1072693947   -3.8448066719   -1.6491985127
  -2.7757650821   -2.1005252318    2.8731764057
  -1.8157650821   -2.1005252318    2.6159451809
  -2.2957650821   -1.2691408441    2.6159451809
  -3.2557650821   -1.2691408441    2.6159451809
  -3.7357650821   -2.1005252318    2.6159451809
  -3.2557650821   -2.9319096194    2.6159451809
  -2.2957650821   -2.9319096194    2.6159451809
  -4.1209732790   -1.1231742677    1.9131764057
  -4.4385338574   -2.1005252318    1.9131764057
  -4.1209732790   -3.0778761958    1.9131764057
  -3.2895888914   -3.6819123106    1.9131764057
  -2.2619412728   -3.6819123106    1.9131764057
  -4.4385338574   -1.1405252318    0.9531764057
  -4.6957650821   -2.1005252318    0.9531764057
  -4.4385338574   -3.0605252318    0.9531764057
  -3.7357650821   -3.7632940070    0.9531764057
  -4.5061439086   -1.1127182761   -0.8025629878
  -4.7633751333   -2.0727182761   -0.8025629878
  -4.5061439086   -3.0327182761   -0.8025629878
  -3.8033751333   -3.7354870514   -0.8025629878
  -4.1885833302   -1.0953673120   -1.7625629878
  -4.5061439086   -2.0727182761   -1.7625629878
  -4.1885833302   -3.0500692402   -1.7625629878
  -3.3571989426   -3.6541053549   -1.7625629878
  -1.8833751333   -2.0727182761   -2.4653317631
  -2.3633751333   -1.2413338885   -2.4653317631
  -3.3233751333   -1.2413338885   -2.4653317631
  -3.8033751333   -2.0727182761   -2.4653317631
  -3.3233751333   -2.9041026638   -2.4653317631
  -2.3633751333   -2.9041026638   -2.4653317631
  -2.8433751333   -2.0727182761   -2.7225629878
   0.1713511836    3.4279269758    1.7475959103
  -0.3086488164    4.2593113635    1.7475959103
   0.5565593805    4.4052779399    1.0448271350
  -0.2748250071    5.0093140547    1.0448271350
  -1.3024726257    5.0093140547    1.0448271350
   0.1713511836    5.0906957511    0.0848271350
  -0.7886488164    5.3479269758    0.0848271350
  -1.7486488164    5.0906957511    0.0848271350
   0.5565593805    4.4052779399   -0.8751728650
  -0.2748250071    5.0093140547   -0.8751728650
  -1.3024726257    5.0093140547   -0.8751728650
  -0.3086488164    4.2593113635   -1.5779416402
  -3.1844992845    4.4698571898   -0.7422928406
  -3.8872680598    3.7670884145   -0.7422928406
  -4.1444992845    2.8070884145   -0.7422928406
  -1.7106754752    4.3884754933   -1.7022928406
  -2.7383230938    4.3884754933   -1.7022928406
  -3.5697074814    3.7844393786   -1.7022928406
  -3.8872680598    2.8070884145   -1.7022928406
  -3.5697074814    1.8297374505   -1.7022928406
  -1.2644992845    2.8070884145   -2.4050616159
  -1.7444992845    3.6384728022   -2.4050616159
  -2.7044992845    3.6384728022   -2.4050616159
  -3.1844992845    2.8070884145   -2.4050616159
  -2.7044992845    1.9757040269   -2.4050616159
  -1.7444992845    1.9757040269   -2.4050616159
  -2.2244992845    2.8070884145   -2.6622928406
  -2.1501952159    2.7806111325    2.9311303153
  -1.1901952159    2.7806111325    2.6738990906
  -1.6701952159    3.6119955201    2.6738990906
  -2.6301952159    3.6119955201    2.6738990906
  -3.1101952159    2.7806111325    2.6738990906
  -2.6301952159    1.9492267449    2.6738990906
  -1.6701952159    1.9492267449    2.6738990906
  -1.6363714066    4.3619982113    1.9711303153
  -2.6640190251    4.3619982113    1.9711303153
  -3.4954034128    3.7579620966    1.9711303153
  -3.8129639911    2.7806111325    1.9711303153
  -3.4954034128    1.8032601684    1.9711303153
  -3.1101952159    4.4433799078    1.0111303153
  -3.8129639911    3.7406111325    1.0111303153
  -4.0701952159    2.7806111325    1.0111303153
   3.9691266800   -0.7516595535    2.3606802970
   5.3616923556    0.1431570964    1.7753938684
   4.2456095326   -1.5935016749    1.7753938684
   5.6999481269    1.2254691227    0.8994508266
   5.9469787841    1.1764023637   -0.1337944408
   5.3616923556    2.0523454056   -0.1337944408
   4.4857493137    2.6376318341   -0.1337944408
   5.6999481269    1.2254691227   -1.1670397082
   5.3616923556    0.1431570964   -2.0429827500
   3.9691266800   -0.7516595535   -2.6282691786
   2.1984809701   -0.5869779951    2.6035461841
   2.1984809701   -0.5869779951   -2.7964538159
   2.0252749196   -1.9048825466    2.5884501384
   3.0585201870   -1.9048825466    2.3829248761
   2.5418975533   -2.7996991965    2.3829248761
   3.9344632288   -1.9048825466    1.7976384476
   2.8183804059   -3.6415413178    1.7976384476
   3.9344632288   -1.9048825466   -2.0207381708
   3.0585201870   -1.9048825466   -2.6060245994
   2.5418975533   -2.7996991965   -2.6060245994
   2.0252749196   -1.9048825466   -2.8115498616
   0.7715846208   -2.2827563715    2.6314311172
  -0.2616606466   -2.2827563715    2.4259058549
   0.2549619871   -3.1775730214    2.4259058549
   1.2882072545   -3.1775730214    2.4259058549
  -0.4786678366   -3.7256246235    1.8406194264
   0.4998787954   -4.1725118965    1.8406194264
   1.5646901071   -4.0194151427    1.8406194264
   0.2165117724   -4.7146894196    0.9646763845
   1.3266574692   -4.7146894196    0.9646763845
  -0.2616606466   -4.7772311093   -0.0685688828
   0.7715846208   -4.9827563715   -0.0685688828
   1.8048298882   -4.7772311093   -0.0685688828
   0.2165117724   -4.7146894196   -1.1018141502
   1.3266574692   -4.7146894196   -1.1018141502
  -0.4786678366   -3.7256246235   -1.9777571920
   0.4998787954   -4.1725118965   -1.9777571920
   1.5646901071   -4.0194151427   -1.9777571920
  -0.2616606466   -2.2827563715   -2.5630436206
   0.2549619871   -3.1775730214   -2.5630436206
   1.2882072545   -3.1775730214   -2.5630436206
   0.7715846208   -2.2827563715   -2.7685688828
   0.0893154934   -1.1235964438    2.6776028912
   1.1225607608   -1.1235964438    2.4720776289
  -0.4273071403   -2.0184130937    2.4720776289
  -0.4273071403   -0.2287797939   -2.5168718466
  -0.4273071403   -2.0184130937   -2.5168718466
   0.0893154934   -1.1235964438   -2.7223971088
  -1.2706155743   -0.9754506687    2.7338226787
  -0.7539929406   -1.8702673186    2.5282974165
  -0.7539929406   -0.0806340188   -2.4606520590
  -1.2706155743   -0.9754506687   -2.6661773213
  -1.1476635226   -2.1147111996    2.5451520215
  -2.4526146154   -4.0044667247    1.9598655929
  -3.7361883500   -4.0649700819    1.0839225511
  -2.7359816383   -4.5466442477    1.0839225511
  -4.8809087900   -2.1147111996    0.0506772837
  -4.6753835277   -3.1479564670    0.0506772837
  -4.0900970992   -4.0238995088    0.0506772837
  -3.2141540573   -4.6091859374    0.0506772837
  -3.7361883500   -4.0649700819   -0.9825679837
  -2.4526146154   -4.0044667247   -1.8585110255
  -1.1476635226   -2.1147111996   -2.4437974541
  -1.6642861563   -3.0095278495   -2.4437974541
  -1.8065842123    0.2869450674    2.7760110368
  -0.7733389449    0.2869450674    2.5704857745
  -2.3232068460    1.1817617173    2.5704857745
  -2.3232068460   -0.6078715825    2.5704857745
  -0.7733389449    0.2869450674   -2.4184637010
  -2.3232068460    1.1817617173   -2.4184637010
  -2.8398294797    0.2869450674   -2.4184637010
  -1.8065842123    0.2869450674   -2.6239889632
  -2.9917947690    0.4579592555    2.6456746888
  -3.5384882802    1.4048601932    2.3961162359
  -4.0851817915    0.4579592555    2.3961162359
  -3.5384882802   -0.4889416822    2.3961162359
  -4.2820114298    1.9469486569    1.6968689895
  -4.8822025402    1.0130330596    1.6968689895
  -4.8822025402   -0.0971145486    1.6968689895
  -4.5235959482    2.3787771794    0.6864274423
  -5.2053116062    1.5239327826    0.6864274423
  -5.4486131077    0.4579592555    0.6864274423
  -5.2053116062   -0.6080142716    0.6864274423
  -4.5235959482    2.3787771794   -0.4350780648
  -5.2053116062    1.5239327826   -0.4350780648
  -5.4486131077    0.4579592555   -0.4350780648
  -5.2053116062   -0.6080142716   -0.4350780648
  -4.2820114298    1.9469486569   -1.4455196119
  -4.8822025402    1.0130330596   -1.4455196119
  -4.8822025402   -0.0971145486   -1.4455196119
  -3.5384882802    1.4048601932   -2.1447668583
  -4.0851817915    0.4579592555   -2.1447668583
  -3.5384882802   -0.4889416822   -2.1447668583
  -2.9917947690    0.4579592555   -2.3943253112
  -0.9307180076    1.3679889031    2.7593119387
  -0.4140953739    2.2628055530    2.5537866764
  -0.4140953739    0.4731722532    2.5537866764
  -0.4140953739    2.2628055530   -2.4351627991
  -1.9639632749    1.3679889031   -2.4351627991
  -0.4140953739    0.4731722532   -2.4351627991
  -0.9307180076    1.3679889031   -2.6406880613
  -0.5336085145    2.6858697308    2.6009420507
  -0.7737482956    4.4225285020    2.0156556221
  -2.1219266303    5.1178027789    1.1397125803
  -2.6000990493    5.1803444686    0.1064673129
  -3.4760420911    4.5950580400    0.1064673129
  -4.0613285197    3.7191149982    0.1064673129
  -4.2668537819    2.6858697308    0.1064673129
  -2.1219266303    5.1178027789   -0.9267779545
  -0.5336085145    2.6858697308   -2.3880074249
  -1.0502311482    3.5806863807   -2.3880074249
   0.4617282727    1.3018923500    2.7036172736
   1.4949735400    1.3018923500    2.4980920113
  -0.0548943610    2.1967089999    2.4980920113
  -0.0548943610    0.4070757001    2.4980920113
   1.4949735400    1.3018923500   -2.4908574642
  -0.0548943610    2.1967089999   -2.4908574642
   0.4617282727    1.3018923500   -2.6963827264
   1.1575243803    2.2817719950    2.5129586577
   2.2509114029    2.2817719950    2.2634002049
   1.7042178916    3.2286729328    2.2634002049
   0.6108308691    3.2286729328    2.2634002049
   2.8149749920    3.3469508248    1.5641529584
   1.9759814097    4.0739429022    1.5641529584
   0.8771335035    4.2319333796    1.5641529584
   3.3710412176    3.3477455222    0.5537114113
   2.6893255595    4.2025899189    0.5537114113
   1.7042178916    4.6769927686    0.5537114113
   3.3710412176    3.3477455222   -0.5677940958
   2.6893255595    4.2025899189   -0.5677940958
   1.7042178916    4.6769927686   -0.5677940958
   2.8149749920    3.3469508248   -1.5782356429
   1.9759814097    4.0739429022   -1.5782356429
   0.8771335035    4.2319333796   -1.5782356429
   2.2509114029    2.2817719950   -2.2774828894
   1.7042178916    3.2286729328   -2.2774828894
   0.6108308691    3.2286729328   -2.2774828894
   1.1575243803    2.2817719950   -2.5270413423
   0.9235186494   -0.0535046996    2.6623761038
  -0.1097266180   -0.0535046996    2.4568508416
   1.4401412831    0.8413119503   -2.5320986340
  -0.1097266180   -0.0535046996   -2.5320986340
   0.9235186494   -0.0535046996   -2.7376238962
   4.7119628614    2.5602528284   -1.0038707174
   3.7453022378    2.9268588462   -1.0038707174
   5.3555578806    0.7826076781   -2.0838707174
   5.0586043782    1.7939384317   -2.0838707174
   4.2620245099    2.4841788168   -2.0838707174
   3.2187267555    2.6341823881   -2.0838707174
   4.5649430085    0.7826076781   -2.8744855895
   4.0249430085    1.7179151142   -2.8744855895
   2.9449430085    1.7179151142   -2.8744855895
   2.4049430085    0.7826076781   -2.8744855895
   2.9449430085   -0.1526997580   -2.8744855895
   4.0249430085   -0.1526997580   -2.8744855895
   3.4849430085    0.7826076781   -3.1638707174
   5.3422444212   -0.5719001113    1.6936563468
   4.8022444212   -1.5072075474    1.6936563468
   6.1328592933   -0.5719001113    0.9030414747
   5.0393259226   -2.2734712500    0.9030414747
   5.8359057910   -1.5832308649    0.9030414747
   6.4222444212   -0.5719001113   -0.1769585253
   6.1748294366    0.4319019403   -0.1769585253
   5.4892642741   -2.3495452616   -0.1769585253
   6.1748294366   -1.5757021629   -0.1769585253
   6.1328592933   -0.5719001113   -1.2569585253
   5.0393259226   -2.2734712500   -1.2569585253
   5.8359057910   -1.5832308649   -1.2569585253
   5.3422444212   -0.5719001113   -2.0475733975
   4.8022444212   -1.5072075474   -2.0475733975
   3.5535626812    0.7544087581    2.9111416897
   4.6335626812    0.7544087581    2.6217565619
   4.0935626812    1.6897161942    2.6217565619
   3.0135626812    1.6897161942    2.6217565619
   2.4735626812    0.7544087581    2.6217565619
   3.0135626812   -0.1808986780    2.6217565619
   4.0935626812   -0.1808986780    2.6217565619
   5.4241775534    0.7544087581    1.8311416897
   5.1272240510    1.7657395117    1.8311416897
   4.3306441827    2.4559798968    1.8311416897
   3.2873464282    2.6059834681    1.8311416897
   5.4661476966    1.7582108097    0.7511416897
   4.7805825342    2.5320539084    0.7511416897
   3.8139219106    2.8986599261    0.7511416897
   3.9334910119   -2.5831663684    1.7152129808
   3.3934910119   -3.5184738044    1.7152129808
   4.7241058841   -2.5831663684    0.9245981086
   2.5872747589   -4.4347410783    0.9245981086
   3.6305725133   -4.2847375071    0.9245981086
   4.4271523817   -3.5944971220    0.9245981086
   3.1138502412   -4.7274175364   -0.1554018914
   4.0805108648   -4.3608115187   -0.1554018914
   4.7660760273   -3.5869684200   -0.1554018914
   4.7241058841   -2.5831663684   -1.2354018914
   2.5872747589   -4.4347410783   -1.2354018914
   3.6305725133   -4.2847375071   -1.2354018914
   4.4271523817   -3.5944971220   -1.2354018914
   3.9334910119   -2.5831663684   -2.0260167635
   3.3934910119   -3.5184738044   -2.0260167635
  -1.0472693947   -3.9487297204    1.8841851348
  -1.8534856477   -4.8649969943    1.0935702626
  -0.8101878932   -4.7149934230    1.0935702626
  -2.3532159507   -5.0330573685    0.0135702626
  -1.3269101653   -5.1576734523    0.0135702626
  -0.3602495417   -4.7910674346    0.0135702626
  -1.8534856477   -4.8649969943   -1.0664297374
  -0.8101878932   -4.7149934230   -1.0664297374
  -1.0472693947   -3.9487297204   -1.8570446096
  -2.7757650821   -2.1005252318    3.1131764057
  -1.6957650821   -2.1005252318    2.8237912778
  -2.2357650821   -1.1652177957    2.8237912778
  -3.3157650821   -1.1652177957    2.8237912778
  -3.8557650821   -2.1005252318    2.8237912778
  -3.3157650821   -3.0358326678    2.8237912778
  -2.2357650821   -3.0358326678    2.8237912778
  -4.5706069083   -1.5735121210    2.0331764057
  -4.5706069083   -2.6275383426    2.0331764057
  -4.0007573102   -3.5142416252    2.0331764057
  -3.0419813351   -3.9520999417    2.0331764057
  -4.8729994078   -1.5836033969    0.9531764057
  -4.8729994078   -2.6174470666    0.9531764057
  -4.3925482982   -3.5328701736    0.9531764057
  -4.9406094590   -1.5557964413   -0.8025629878
  -4.9406094590   -2.5896401110   -0.8025629878
  -4.4601583494   -3.5050632179   -0.8025629878
  -4.0683673614   -0.6590018827   -1.8825629878
  -4.6382169595   -1.5457051653   -1.8825629878
  -4.6382169595   -2.5997313869   -1.8825629878
  -4.0683673614   -3.4864346695   -1.8825629878
  -3.1095913863   -3.9242929861   -1.8825629878
  -1.7633751333   -2.0727182761   -2.6731778600
  -2.3033751333   -1.1374108400   -2.6731778600
  -3.3833751333   -1.1374108400   -2.6731778600
  -3.9233751333   -2.0727182761   -2.6731778600
  -3.3833751333   -3.0080257122   -2.6731778600
  -2.3033751333   -3.0080257122   -2.6731778600
  -2.8433751333   -2.0727182761   -2.9625629878
  -0.2486488164    4.3632344119    1.9554420072
  -0.0115673149    5.1294981146    1.1648271350
  -1.0548650694    5.2795016858    1.1648271350
   0.4383710365    5.2055721262    0.0848271350
  -0.5282895870    5.5721781439    0.0848271350
  -1.5545953724    5.4475620600    0.0848271350
  -0.0115673149    5.1294981146   -0.9951728650
  -1.0548650694    5.2795016858   -0.9951728650
  -0.2486488164    4.3632344119   -1.7857877372
  -2.9904458405    4.8267234987   -0.7422928406
  -3.8412825006    4.2394333563   -0.7422928406
  -4.3217336101    3.3240102494   -0.7422928406
  -2.4907155375    4.6586631245   -1.8222928406
  -3.4494915126    4.2208048080   -1.8222928406
  -4.0193411107    3.3341015253   -1.8222928406
  -4.0193411107    2.2800753037   -1.8222928406
  -1.1444992845    2.8070884145   -2.6129077128
  -1.6844992845    3.7423958506   -2.6129077128
  -2.7644992845    3.7423958506   -2.6129077128
  -3.3044992845    2.8070884145   -2.6129077128
  -2.7644992845    1.8717809784   -2.6129077128
  -1.6844992845    1.8717809784   -2.6129077128
  -2.2244992845    2.8070884145   -2.9022928406
  -2.1501952159    2.7806111325    3.1711303153
  -1.0701952159    2.7806111325    2.8817451875
  -1.6101952159    3.7159185686    2.8817451875
  -2.6901952159    3.7159185686    2.8817451875
  -3.2301952159    2.7806111325    2.8817451875
  -2.6901952159    1.8453036964    2.8817451875
  -1.6101952159    1.8453036964    2.8817451875
  -2.4164114689    4.6321858425    2.0911303153
  -3.3751874440    4.1943275259    2.0911303153
  -3.9450370421    3.3076242433    2.0911303153
  -3.9450370421    2.2535980217    2.0911303153
  -3.7669784319    4.2129560743    1.0111303153
  -4.2474295415    3.2975329674    1.0111303153
   3.9655342613   -0.7454373018    2.6852834216
   4.2535749161   -1.6109434316    2.1643388886
   5.0747460889   -0.8993945599    2.1643388886
   6.0505802577    0.1431570964    1.3662055592
   6.2074216893    1.2104178771    0.3871500922
   5.6358491800    2.1335391755    0.3871500922
   6.2074216893    1.2104178771   -0.6547389738
   5.6358491800    2.1335391755   -0.6547389738
   4.7694038121    2.7878483450   -0.6547389738
   6.0505802577    0.1431570964   -1.6337944408
   5.8259647678    1.1998898930   -1.6337944408
   5.3808668754    0.1431570964   -2.4319277702
   4.2535749161   -1.6109434316   -2.4319277702
   5.0747460889   -0.8993945599   -2.4319277702
   3.9655342613   -0.7454373018   -2.9528723032
   2.1984809701   -0.5869779951    2.9035461841
   2.1984809701   -0.5869779951   -3.0964538159
   2.0252749196   -1.9048825466    2.8884501384
   3.0513353496   -1.9048825466    2.7075280007
   2.5383051346   -2.7934769447    2.7075280007
   3.9536377487   -1.9048825466    2.1865834677
   2.8263457893   -3.6589830745    2.1865834677
   3.6475169622   -2.9474342028    2.1865834677
   3.9536377487   -1.9048825466   -2.4096831910
   2.8263457893   -3.6589830745   -2.4096831910
   3.6475169622   -2.9474342028   -2.4096831910
   3.0513353496   -1.9048825466   -2.9306277240
   1.5122447046   -2.7934769447   -2.9306277240
   2.5383051346   -2.7934769447   -2.9306277240
   2.0252749196   -1.9048825466   -3.1115498616
   0.7715846208   -2.2827563715    2.9314311172
   1.2846148358   -1.3941619733    2.7505089795
  -0.2544758092   -2.2827563715    2.7505089795
   0.2585544058   -3.1713507697    2.7505089795
   1.2846148358   -3.1713507697    2.7505089795
  -0.4912244767   -3.7401157587    2.2295644465
   0.4971499767   -4.1914912474    2.2295644465
   1.5726554905   -4.0368568995    2.2295644465
   0.5000117070   -4.8666000495    1.4314311172
   1.5744343228   -4.7536736821    1.4314311172
  -0.0369316822   -5.1243964228    0.4523756502
   1.0441844081   -5.2245765818    0.4523756502
   2.0884843866   -4.9274476201    0.4523756502
  -0.0369316822   -5.1243964228   -0.5895134158
   1.0441844081   -5.2245765818   -0.5895134158
   2.0884843866   -4.9274476201   -0.5895134158
  -0.5274534849   -4.5327563715   -1.5685688828
   0.5000117070   -4.8666000495   -1.5685688828
   1.5744343228   -4.7536736821   -1.5685688828
  -0.4912244767   -3.7401157587   -2.3667022122
   0.4971499767   -4.1914912474   -2.3667022122
   1.5726554905   -4.0368568995   -2.3667022122
  -0.2544758092   -2.2827563715   -2.8876467452
   0.2585544058   -3.1713507697   -2.8876467452
   1.2846148358   -3.1713507697   -2.8876467452
   0.7715846208   -2.2827563715   -3.0685688828
   0.0893154934   -1.1235964438    2.9776028912
   1.1153759234   -1.1235964438    2.7966807535
  -0.4237147216   -2.0121908419    2.7966807535
  -0.4237147216   -0.2350020456   -2.8414749712
  -0.4237147216   -2.0121908419   -2.8414749712
   0.0893154934   -1.1235964438   -3.0223971088
  -1.2706155743   -0.9754506687    3.0338226787
  -0.7575853593   -1.8640450669    2.8529005411
  -0.7575853593   -0.0868562705   -2.7852551836
  -1.2706155743   -0.9754506687   -2.9661773213
  -1.1548483600   -2.1147111996    2.8697551461
  -1.3798379202   -3.8688117276    2.3488106131
  -3.4799468956   -4.3647111996    1.5506772837
  -2.4524817038   -4.6985548777    1.5506772837
  -5.0850273787   -2.6575850489    0.5716218167
  -4.6928100710   -3.6700146260    0.5716218167
  -3.9613465764   -4.4723918570    0.5716218167
  -2.9894250930   -4.9563512510    0.5716218167
  -4.6928100710   -3.6700146260   -0.4702672493
  -3.9613465764   -4.4723918570   -0.4702672493
  -2.9894250930   -4.9563512510   -0.4702672493
  -3.4799468956   -4.3647111996   -1.4493227163
  -2.4553434341   -4.0234460756   -2.2474560457
  -1.3798379202   -3.8688117276   -2.2474560457
  -1.1548483600   -2.1147111996   -2.7684005787
  -1.6678785750   -3.0033055978   -2.7684005787
  -1.8065842123    0.2869450674    3.0760110368
  -0.7805237823    0.2869450674    2.8950888991
  -2.3196144273    1.1755394656    2.8950888991
  -2.3196144273   -0.6016493307    2.8950888991
  -0.7805237823    0.2869450674   -2.7430668256
  -2.3196144273    1.1755394656   -2.7430668256
  -2.8326446422    0.2869450674   -2.7430668256
  -1.8065842123    0.2869450674   -2.9239889632
  -2.9917947690    0.4579592555    2.9256746888
  -3.5275515743    1.3859172628    2.7125373798
  -4.0633083796    0.4579592555    2.7125373798
  -3.5275515743   -0.4699987518    2.7125373798
  -4.7064375889    1.4479087492    2.1055736761
  -4.9716937563    0.4579592555    2.1055736761
  -4.7064375889   -0.5319902381    2.1055736761
  -5.0846106481    1.9784789950    1.1971882994
  -5.5221283036    0.9957982515    1.1971882994
  -5.5221283036   -0.0798797405    1.1971882994
  -5.0846106481   -1.0625604840    1.1971882994
  -4.6791717508    2.6924074919    0.1256746888
  -5.3724027490    1.9319693116    0.1256746888
  -5.7441194481    0.9724579054    0.1256746888
  -5.7441194481   -0.0565393944    0.1256746888
  -5.3724027490   -1.0160508005    0.1256746888
  -5.0846106481    1.9784789950   -0.9458389218
  -5.5221283036    0.9957982515   -0.9458389218
  -5.5221283036   -0.0798797405   -0.9458389218
  -5.0846106481   -1.0625604840   -0.9458389218
  -4.7064375889    1.4479087492   -1.8542242985
  -4.9716937563    0.4579592555   -1.8542242985
  -4.7064375889   -0.5319902381   -1.8542242985
  -3.5275515743    1.3859172628   -2.4611880023
  -4.0633083796    0.4579592555   -2.4611880023
  -3.5275515743   -0.4699987518   -2.4611880023
  -0.9307180076    1.3679889031    3.0593119387
  -0.4176877926    2.2565833012    2.8783898010
  -0.4176877926    0.4793945049    2.8783898010
  -0.4176877926    2.2565833012   -2.7597659237
  -1.9567784375    1.3679889031   -2.7597659237
  -0.4176877926    0.4793945049   -2.7597659237
  -0.9307180076    1.3679889031   -2.9406880613
  -0.5407933519    2.6858697308    2.9255451752
   0.0553882606    3.7284213871    2.4046006422
  -0.7657829122    4.4399702588    2.4046006422
  -1.8384266957    5.2697134089    1.6064673129
  -2.3753700849    5.5275097822    0.6274118459
  -3.3472915683    5.0435503882    0.6274118459
  -4.0787550629    4.2411731571    0.6274118459
  -2.3753700849    5.5275097822   -0.4144772201
  -3.3472915683    5.0435503882   -0.4144772201
  -1.8384266957    5.2697134089   -1.3935326871
   0.0553882606    3.7284213871   -2.1916660165
  -0.7657829122    4.4399702588   -2.1916660165
  -0.5407933519    2.6858697308   -2.7126105495
  -1.0538235669    3.5744641290   -2.7126105495
   0.4617282727    1.3018923500    3.0036172736
   1.4877887026    1.3018923500    2.8226951359
   0.9747584876    2.1904867481    2.8226951359
  -0.0513019423    2.1904867481    2.8226951359
  -0.0513019423    0.4132979518    2.8226951359
   1.4877887026    1.3018923500   -2.8154605888
   0.9747584876    2.1904867481   -2.8154605888
  -0.0513019423    2.1904867481   -2.8154605888
   0.4617282727    1.3018923500   -2.9963827264
   1.1575243803    2.2817719950    2.7929586577
   2.2290379910    2.2817719950    2.5798213488
   1.6932811857    3.2097300023    2.5798213488
   0.6217675750    3.2097300023    2.5798213488
   2.8721672003    3.2717214887    1.9728576451
   2.1474738740    3.9964148150    1.9728576451
   1.1575243803    4.2616709824    1.9728576451
   3.5207410413    3.3339438421    1.0644722684
   2.8884733814    4.2041856181    1.0644722684
   1.9569089140    4.7420246141    1.0644722684
   0.8871235986    4.8544635816    1.0644722684
   3.7684466227    3.2932486604   -0.0070413423
   3.2267493486    4.1681197972   -0.0070413423
   2.4055917765    4.7882292108   -0.0070413423
   1.4158757868    5.0698276887   -0.0070413423
   3.5207410413    3.3339438421   -1.0785549529
   2.8884733814    4.2041856181   -1.0785549529
   1.9569089140    4.7420246141   -1.0785549529
   0.8871235986    4.8544635816   -1.0785549529
   2.8721672003    3.2717214887   -1.9869403296
   2.1474738740    3.9964148150   -1.9869403296
   1.1575243803    4.2616709824   -1.9869403296
   2.2290379910    2.2817719950   -2.5939040333
   1.6932811857    3.2097300023   -2.5939040333
   0.6217675750    3.2097300023   -2.5939040333
   1.1575243803    2.2817719950   -2.8070413423
   0.9235186494   -0.0535046996    2.9623761038
  -0.1025417806   -0.0535046996    2.7814539661
   1.4365488644    0.8350896986   -2.8567017586
  -0.1025417806   -0.0535046996   -2.8567017586
   0.9235186494   -0.0535046996   -3.0376238962
   5.5930542820    1.7978205611   -1.5379209588
   4.9438012744    2.6119580818   -1.5379209588
   4.0056034954    3.0637703196   -1.5379209588
   5.3613385664    0.7826076781   -2.5002462418
   5.0634674006    1.7970637064   -2.5002462418
   4.2644258936    2.4894371135   -2.5002462418
   3.2179040781    2.6399042348   -2.5002462418
   4.5262639823    0.7826076781   -3.1661960003
   4.0056034954    1.6844180950   -3.1661960003
   2.9642825215    1.6844180950   -3.1661960003
   2.4436220346    0.7826076781   -3.1661960003
   2.9642825215   -0.1192027388   -3.1661960003
   4.0056034954   -0.1192027388   -3.1661960003
   3.4849430085    0.7826076781   -3.4038707174
   6.1386399791   -0.5719001113    1.3194169991
   5.0417273063   -2.2787295467    1.3194169991
   5.8407688133   -1.5863561396    1.3194169991
   6.6020714104   -0.5719001113    0.3570917162
   5.7211026871   -2.4012505150    0.3570917162
   6.3703556948   -1.5871129943    0.3570917162
   6.6020714104   -0.5719001113   -0.7110087668
   5.7211026871   -2.4012505150   -0.7110087668
   6.3703556948   -1.5871129943   -0.7110087668
   6.1386399791   -0.5719001113   -1.6733340498
   5.0417273063   -2.2787295467   -1.6733340498
   5.8407688133   -1.5863561396   -1.6733340498
   4.7829049081   -1.4737105282   -2.3392838083
   3.5535626812    0.7544087581    3.1511416897
   4.5948836551    0.7544087581    2.9134669727
   4.0742231682    1.6562191750    2.9134669727
   3.0329021943    1.6562191750    2.9134669727
   2.5122417073    0.7544087581    2.9134669727
   3.0329021943   -0.1474016588    2.9134669727
   4.0742231682   -0.1474016588    2.9134669727
   5.4299582391    0.7544087581    2.2475172142
   5.1320870733    1.7688647864    2.2475172142
   4.3330455663    2.4612381935    2.2475172142
   3.2865237509    2.6117053148    2.2475172142
   5.6616739548    1.7696216411    1.2851919312
   5.0124209471    2.5837591618    1.2851919312
   4.0742231682    3.0355713996    1.2851919312
   4.7298865698   -2.5831663684    1.3409736331
   3.6329738970   -4.2899958038    1.3409736331
   4.4320154040   -3.5976223967    1.3409736331
   2.3328305249   -4.8643290098    0.3786483501
   3.3741514988   -4.8643290098    0.3786483501
   4.3123492778   -4.4125167721    0.3786483501
   4.9616022855   -3.5983792513    0.3786483501
   2.3328305249   -4.8643290098   -0.6894521329
   3.3741514988   -4.8643290098   -0.6894521329
   4.3123492778   -4.4125167721   -0.6894521329
   4.9616022855   -3.5983792513   -0.6894521329
   4.7298865698   -2.5831663684   -1.6517774158
   2.5864520815   -4.4404629250   -1.6517774158
   3.6329738970   -4.2899958038   -1.6517774158
   4.4320154040   -3.5976223967   -1.6517774158
   3.3741514988   -3.4849767852   -2.3177271743
  -1.0666089077   -3.9152327012    2.1758955456
  -1.8543083250   -4.8707188410    1.5099457871
  -0.8077865096   -4.7202517197    1.5099457871
  -2.1079298816   -5.2945849258    0.5476205041
  -1.0666089077   -5.2945849258    0.5476205041
  -2.1079298816   -5.2945849258   -0.5204799789
  -1.0666089077   -5.2945849258   -0.5204799789
  -1.8543083250   -4.8707188410   -1.4828052619
  -0.8077865096   -4.7202517197   -1.4828052619
  -1.0666089077   -3.9152327012   -2.1487550204
  -2.7757650821   -2.1005252318    3.3531764057
  -1.7344441082   -2.1005252318    3.1155016886
  -2.2551045952   -1.1987148149    3.1155016886
  -3.2964255691   -1.1987148149    3.1155016886
  -3.8170860560   -2.1005252318    3.1155016886
  -3.2964255691   -3.0023356486    3.1155016886
  -2.2551045952   -3.0023356486    3.1155016886
  -4.5761534357   -1.5718835136    2.4495519301
  -4.5761534357   -2.6291669499    2.4495519301
  -4.0045428543   -3.5186103760    2.4495519301
  -3.0428040125   -3.9578217884    2.4495519301
  -5.1155920713   -2.1005252318    1.4872266472
  -4.8838763557   -3.1157381147    1.4872266472
  -4.2346233480   -3.9298756355    1.4872266472
  -5.1832021226   -2.0727182761   -0.2685127463
  -4.9514864069   -1.0575053931   -1.3366132293
  -5.1832021226   -2.0727182761   -1.3366132293
  -4.9514864069   -3.0879311591   -1.3366132293
  -4.3022333992   -3.9020686798   -1.3366132293
  -4.0721529056   -0.6546331319   -2.2989385122
  -4.6437634869   -1.5440765579   -2.2989385122
  -4.6437634869   -2.6013599943   -2.2989385122
  -4.0721529056   -3.4908034203   -2.2989385122
  -3.1104140637   -3.9300148328   -2.2989385122
  -1.8020541594   -2.0727182761   -2.9648882708
  -2.3227146464   -1.1709078592   -2.9648882708
  -3.3640356203   -1.1709078592   -2.9648882708
  -3.8846961072   -2.0727182761   -2.9648882708
  -3.3640356203   -2.9745286930   -2.9648882708
  -2.3227146464   -2.9745286930   -2.9648882708
  -2.8433751333   -2.0727182761   -3.2025629878
  -0.0091659313    5.1347564113    1.5812026595
  -1.0556877468    5.2852235325    1.5812026595
   0.6702094495    5.2572773796    0.6188773765
  -0.2679883295    5.7090896173    0.6188773765
  -1.3093093033    5.7090896173    0.6188773765
   0.6702094495    5.2572773796   -0.4492231065
  -0.2679883295    5.7090896173   -0.4492231065
  -1.3093093033    5.7090896173   -0.4492231065
  -0.0091659313    5.1347564113   -1.4115483894
  -1.0556877468    5.2852235325   -1.4115483894
  -0.2679883295    4.3297373927   -2.0774981479
  -4.3326105581    3.8223012975   -0.2082425991
  -4.5643262737    2.8070884145   -0.2082425991
  -2.7451597715    5.0882510560   -1.2763430821
  -3.6833575504    4.6364388182   -1.2763430821
  -4.3326105581    3.8223012975   -1.2763430821
  -4.5643262737    2.8070884145   -1.2763430821
  -2.4915382149    4.6643849712   -2.2386683651
  -3.4532770567    4.2251735587   -2.2386683651
  -4.0248876381    3.3357301327   -2.2386683651
  -4.0248876381    2.2784466963   -2.2386683651
  -1.1831783106    2.8070884145   -2.9046181236
  -1.7038387976    3.7088988314   -2.9046181236
  -2.7451597715    3.7088988314   -2.9046181236
  -3.2658202584    2.8070884145   -2.9046181236
  -2.7451597715    1.9052779977   -2.9046181236
  -1.7038387976    1.9052779977   -2.9046181236
  -2.2244992845    2.8070884145   -3.1422928406
  -2.1501952159    2.7806111325    3.4111303153
  -1.1088742420    2.7806111325    3.1734555983
  -1.6295347289    3.6824215494    3.1734555983
  -2.6708557028    3.6824215494    3.1734555983
  -3.1915161898    2.7806111325    3.1734555983
  -2.6708557028    1.8788007156    3.1734555983
  -1.6295347289    1.8788007156    3.1734555983
  -1.3707123308    4.4874405679    2.5075058398
  -2.4172341462    4.6379076892    2.5075058398
  -3.3789729881    4.1986962767    2.5075058398
  -3.9505835694    3.3092528507    2.5075058398
  -3.9505835694    2.2519694143    2.5075058398
  -3.6090534818    4.6099615362    1.5451805568
  -4.2583064894    3.7958240155    1.5451805568
  -4.4900222051    2.7806111325    1.5451805568
