   0.0282588130
   0.0274525635
   0.0193510021
  -0.0004440338
   0.0293342598
   0.0092317263
   0.0109600191
   0.0094143741
   0.0252864811
   0.0162955561
   0.0281473864
   0.0194272392
   0.0114367411
  -0.0110521653
  -0.0056483488
  -0.0240059650
  -0.0162810354
  -0.0336793713
  -0.0157921349
  -0.0352756603
  -0.0296400287
   0.0043484953
  -0.0245321919
  -0.0334848692
  -0.0133868631
  -0.0089008294
  -0.0248168520
  -0.0141207158
  -0.0110554907
   0.0035708636
   0.0059651302
   0.0004388919
   0.0123800316
  -0.0021580064
   0.0026803208
   0.0032274006
   0.0032460683
   0.0165526266
   0.0030386766
   0.0046023792
   0.0041165541
  -0.0182555333
   0.0028871685
   0.0102577954
   0.0123929620
   0.0043131994
   0.0031802856
   0.0065572150
   0.0170185977
  -0.0077051385
   0.0009247903
   0.0191511182
  -0.0034400217
   0.0090794120
  -0.0280329318
  -0.0132731934
  -0.0393334313
  -0.0459063049
  -0.0334986031
  -0.0520205052
  -0.0533988351
  -0.0476468025
  -0.0478356746
  -0.0547459676
  -0.0551827834
  -0.0516858841
  -0.0510579015
  -0.0526549900
  -0.0463269887
  -0.0367045228
  -0.0438739973
  -0.0299537293
  -0.0236259826
   0.0018567434
  -0.0001686174
   0.0150970125
  -0.0003572899
   0.0030867957
   0.0169886806
   0.0025199590
  -0.0022951754
   0.0041148612
   0.0055171176
   0.0023700068
   0.0037318331
  -0.0029237819
  -0.0023246204
   0.0067073914
  -0.0010832998
  -0.0014811865
   0.0153632179
  -0.0001431749
  -0.0023967901
   0.0064657661
  -0.0228288770
  -0.0286122356
  -0.0392978958
  -0.0315077009
  -0.0260953894
  -0.0429450401
  -0.0460868190
  -0.0360117916
  -0.0269724345
  -0.0431006800
  -0.0477272875
  -0.0447184993
  -0.0427002585
  -0.0461069313
  -0.0375701258
  -0.0274616145
  -0.0391711500
  -0.0323390801
  -0.0230419624
   0.0016735067
   0.0140607790
   0.0070426458
   0.0099110115
   0.0015865991
   0.0208325336
  -0.0005978955
   0.0262228509
   0.0192178156
   0.0064820111
  -0.0138368705
   0.0002881539
   0.0227753836
   0.0161626571
   0.0110585774
   0.0181234336
   0.0240566055
   0.0196490322
   0.0296636185
   0.0357618777
   0.0312508384
   0.0306949214
   0.0478775449
   0.0361503429
   0.0314261539
   0.0305997028
   0.0478694379
   0.0363355193
   0.0300073767
   0.0359972192
   0.0188960639
   0.0223154994
   0.0151374615
   0.0092397044
   0.0174116889
   0.0234124879
   0.0254839781
   0.0189087948
   0.0054604608
  -0.0186280068
   0.0209948477
   0.0005656073
   0.0368272640
   0.0268773086
   0.0452070108
   0.0069702555
   0.0272252877
   0.0371556003
   0.0456755540
   0.0082310317
   0.0277431063
   0.0375621042
   0.0378352901
   0.0281246334
  -0.0105890238
   0.0012695586
   0.0098299860
   0.0034530082
  -0.0231934581
   0.0096544598
   0.0030894780
  -0.0255947436
   0.0001512252
   0.0060749446
   0.0055099656
   0.0023090535
  -0.0011076835
   0.0070557037
   0.0068162365
  -0.0104574739
   0.0037414200
   0.0086938382
   0.0083351220
  -0.0199073907
   0.0023832578
  -0.0195409189
   0.0019490203
  -0.0086201501
   0.0042516281
   0.0087421922
   0.0054185716
   0.0032122584
   0.0003341091
   0.0073551399
   0.0065019710
   0.0062819870
  -0.0221509845
  -0.0038823016
  -0.0189137189
  -0.0003687044
   0.0047889992
  -0.0203382509
  -0.0007270676
   0.0044389557
  -0.0050000170
   0.0036792954
  -0.0083391939
  -0.0412149089
   0.0028990993
   0.0031213939
  -0.0033664471
  -0.0211107166
   0.0005127697
   0.0021386626
   0.0024405579
  -0.0045270320
   0.0017427661
   0.0024506368
   0.0025009128
   0.0007765043
   0.0024907603
   0.0021876484
  -0.0052542257
   0.0013295915
   0.0030402935
   0.0029995766
  -0.0041056049
  -0.0227510574
  -0.0085406356
   0.0232198704
   0.0246121100
   0.0225494340
   0.0226904965
   0.0252686590
   0.0241806592
   0.0089005478
   0.0105271340
   0.0073017791
   0.0193019712
   0.0118193941
   0.0342353954
   0.0216434463
   0.0143449814
   0.0091029882
  -0.0066405103
  -0.0048010997
  -0.0149933025
  -0.0098332059
  -0.0148032080
  -0.0214689617
  -0.0101633090
  -0.0244051370
  -0.0161563539
  -0.0245017477
  -0.0155389381
  -0.0166071340
  -0.0212876784
  -0.0081442378
  -0.0066479641
  -0.0154857313
  -0.0082701361
  -0.0064610743
   0.0020550914
   0.0030547403
  -0.0011053760
   0.0071225531
  -0.0029247469
   0.0014077649
   0.0028273830
   0.0011609026
   0.0094258056
   0.0027452528
   0.0021877390
   0.0058996310
   0.0076443023
   0.0076991874
   0.0057088024
   0.0014187750
   0.0015085392
   0.0020176709
   0.0096646507
  -0.0071996388
  -0.0013831596
   0.0108649234
  -0.0040778889
   0.0041025886
  -0.0206446366
  -0.0285423505
  -0.0340505394
  -0.0240107656
  -0.0394224495
  -0.0411950552
  -0.0348595305
  -0.0415486427
  -0.0443059738
  -0.0428990175
  -0.0354070609
  -0.0411096296
  -0.0440171994
  -0.0425619216
  -0.0347499963
  -0.0382637709
  -0.0401995613
  -0.0332201789
  -0.0262257561
  -0.0320423458
  -0.0209317795
  -0.0171901749
   0.0015576474
  -0.0019156973
   0.0088725254
  -0.0022150187
   0.0003258447
   0.0097187703
   0.0021357679
  -0.0033602600
   0.0025240630
   0.0014377292
   0.0024290678
  -0.0042137813
  -0.0032056114
   0.0027588357
  -0.0012905057
  -0.0032656177
   0.0087875832
  -0.0003262150
  -0.0037538120
   0.0026831407
  -0.0161291679
  -0.0190155315
  -0.0280744034
  -0.0225880146
  -0.0309810834
  -0.0343434206
  -0.0268459817
  -0.0305228656
  -0.0364929679
  -0.0353769605
  -0.0303432640
  -0.0364335811
  -0.0355322254
  -0.0304976484
  -0.0343694274
  -0.0280371873
  -0.0176466083
  -0.0278527984
  -0.0231816745
  -0.0160807846
   0.0024250167
   0.0081707416
   0.0043686491
   0.0059097425
   0.0025031291
   0.0185134059
   0.0083389950
  -0.0099859240
   0.0214331889
   0.0162451398
   0.0078378938
  -0.0046176452
  -0.0073906672
   0.0187098549
   0.0139547787
   0.0087441450
   0.0116342766
   0.0169836689
   0.0202595199
   0.0157654463
   0.0257458966
   0.0292187537
   0.0265258852
   0.0371049929
   0.0300024938
   0.0270397528
   0.0258136472
   0.0364139384
   0.0302435707
   0.0267186000
   0.0372138761
   0.0302273576
   0.0259471650
   0.0294692576
   0.0149614403
   0.0181338853
   0.0130728056
   0.0071064997
   0.0106124840
   0.0162122337
   0.0195777793
   0.0208202517
   0.0157885732
   0.0068573758
  -0.0077030082
   0.0182611669
   0.0083473932
  -0.0106331536
   0.0297777420
   0.0229952188
   0.0372302698
   0.0095426419
   0.0230754486
   0.0306182668
   0.0409340022
   0.0180332098
   0.0273466422
   0.0335525078
   0.0378824061
   0.0109578923
   0.0237863233
   0.0311930970
   0.0307592067
   0.0241578908
  -0.0022498277
   0.0054273816
  -0.0016582441
   0.0074161294
   0.0032999446
  -0.0088860618
   0.0051309462
  -0.0024753125
   0.0038287371
  -0.0038098056
   0.0033548811
   0.0034918659
   0.0016613921
  -0.0032076114
   0.0012268052
   0.0048993913
   0.0042488167
  -0.0157002423
  -0.0027620807
   0.0039987090
   0.0060347513
   0.0046963811
  -0.0288882801
  -0.0071654465
   0.0026088545
   0.0072251607
  -0.0264753432
  -0.0065533218
   0.0026588844
   0.0071780666
  -0.0131511620
  -0.0017748312
   0.0042987929
   0.0060589560
   0.0033786686
   0.0022810494
  -0.0017903090
   0.0019829874
   0.0050168522
   0.0040024729
   0.0036492454
  -0.0176916407
  -0.0073209615
  -0.0211197343
  -0.0049416613
   0.0007181342
  -0.0092819876
  -0.0007116701
   0.0027747263
  -0.0235119842
  -0.0056451254
   0.0003054074
  -0.0087696453
   0.0008123549
  -0.0049753999
  -0.0183501544
  -0.0000705518
   0.0012915387
  -0.0013406506
  -0.0094322996
  -0.0224196693
  -0.0008068026
  -0.0001535603
   0.0008244088
  -0.0026330640
  -0.0043262443
   0.0003814666
   0.0001996503
   0.0001513663
  -0.0005321721
   0.0001695439
   0.0007706174
  -0.0031018949
  -0.0050108752
   0.0000886665
   0.0001357962
   0.0012853269
  -0.0017250595
  -0.0103571563
  -0.0239032955
   0.0008878982
  -0.0053404442
  -0.0195758379
   0.0195279067
   0.0208779281
   0.0266233368
   0.0189199839
   0.0195483511
   0.0142562652
   0.0041912688
   0.0191069650
   0.0213731495
   0.0204487387
   0.0082696876
   0.0097545826
   0.0063028133
   0.0155203244
   0.0094160612
   0.0263293775
   0.0129630467
   0.0286472529
   0.0174786946
   0.0114931835
   0.0078807056
  -0.0037163978
  -0.0034192023
  -0.0093796550
  -0.0055831728
  -0.0100056342
  -0.0137671932
  -0.0061227383
  -0.0161697452
  -0.0104207314
  -0.0146131196
  -0.0154700584
  -0.0033710778
  -0.0162826832
  -0.0096219227
  -0.0112073994
  -0.0135778867
  -0.0044938235
  -0.0045127650
  -0.0096359020
  -0.0043617950
  -0.0034215762
   0.0015804494
   0.0025841278
  -0.0010770083
   0.0046132333
  -0.0023353586
   0.0011624718
   0.0020881377
   0.0005736253
   0.0057795374
   0.0021217008
   0.0012591620
   0.0039590521
   0.0054318240
   0.0054450825
  -0.0092801418
   0.0008247767
   0.0048913585
   0.0061496318
   0.0054976494
   0.0035962348
   0.0004630721
   0.0008012098
  -0.0001489993
   0.0056706345
  -0.0063982567
  -0.0022275653
   0.0065348066
  -0.0040400967
  -0.0100893811
   0.0015831508
  -0.0156723936
  -0.0218743090
  -0.0268468778
  -0.0177716123
  -0.0284767661
  -0.0333732376
  -0.0315904361
  -0.0304993750
  -0.0355680559
  -0.0359713936
  -0.0323814203
  -0.0299528723
  -0.0352646452
  -0.0356903565
  -0.0319713155
  -0.0272113227
  -0.0324666599
  -0.0305147575
  -0.0199612085
  -0.0250958632
  -0.0151447882
  -0.0129340362
   0.0008490480
  -0.0023337216
   0.0054554872
  -0.0026379144
  -0.0009082321
   0.0059893710
   0.0013608859
  -0.0034193151
  -0.0040934572
   0.0005468785
   0.0007464781
  -0.0014260464
  -0.0084463338
  -0.0261062245
   0.0004247154
  -0.0042120242
  -0.0034277522
   0.0010091805
  -0.0009202271
  -0.0034747499
   0.0054971435
   0.0000803219
  -0.0037732584
   0.0010819894
  -0.0116255940
  -0.0125765771
  -0.0212673544
  -0.0170108138
  -0.0223408816
  -0.0268514067
  -0.0231396535
  -0.0213610341
  -0.0281963695
  -0.0285571390
  -0.0211224545
  -0.0281062713
  -0.0286367004
  -0.0216828028
  -0.0267609789
  -0.0237816896
  -0.0109611488
  -0.0209621744
  -0.0174792053
  -0.0113935325
   0.0027874486
   0.0053619135
   0.0035059638
   0.0041244853
   0.0030280489
   0.0076952562
  -0.0072417807
   0.0190374683
   0.0141188264
   0.0069232216
  -0.0039874134
   0.0161394678
   0.0110964301
   0.0059243907
   0.0090111853
   0.0145710273
   0.0180494444
   0.0130822671
   0.0228971535
   0.0259492782
   0.0233226643
   0.0315514221
   0.0260886287
   0.0236646843
   0.0224896244
   0.0312019002
   0.0262814935
   0.0234642592
   0.0316797980
   0.0262669778
   0.0230300674
   0.0261688597
   0.0122594241
   0.0155138660
   0.0102048038
   0.0042961847
   0.0080046123
   0.0137642125
   0.0172988824
   0.0183950255
   0.0136458486
   0.0061151601
  -0.0063213305
   0.0161980455
   0.0076952025
  -0.0075680186
   0.0258385369
   0.0192041873
   0.0328354437
   0.0104501243
   0.0205244549
   0.0267591211
   0.0165297126
   0.0238949285
   0.0293264827
   0.0334379800
   0.0115133397
   0.0211289272
   0.0272656434
   0.0267468367
   0.0202806695
  -0.0030037455
   0.0026810278
  -0.0050158595
   0.0047135702
   0.0000634126
  -0.0127996123
   0.0023331171
  -0.0060179542
  -0.0045086934
   0.0017001350
   0.0021873928
   0.0003615907
  -0.0048562988
  -0.0006247317
   0.0031369473
   0.0028213598
  -0.0095121304
  -0.0007514561
   0.0034607938
   0.0044697248
  -0.0161962354
  -0.0031583945
   0.0031930735
  -0.0150898453
  -0.0029301927
   0.0031525614
  -0.0194435967
  -0.0080177980
  -0.0001799635
   0.0036305962
   0.0044972046
   0.0020753317
   0.0010348057
  -0.0034247756
   0.0001328364
   0.0032977281
   0.0026226316
   0.0020448688
  -0.0077310142
  -0.0077270802
  -0.0015324627
  -0.0124121181
  -0.0033488097
   0.0004031456
  -0.0085306563
  -0.0019262796
  -0.0091127440
   0.0003873735
  -0.0033523217
  -0.0117594354
  -0.0000257360
  -0.0013170143
  -0.0063733544
  -0.0163118878
  -0.0018388519
  -0.0013163995
  -0.0006610957
  -0.0040975779
  -0.0054617782
  -0.0004007539
  -0.0010799298
  -0.0011922354
  -0.0015781924
  -0.0010423087
  -0.0007426123
  -0.0045773908
  -0.0061952671
  -0.0008018397
   0.0000304567
  -0.0015220193
  -0.0069809589
  -0.0174987555
  -0.0034725249
  -0.0124287504
   0.0165409853
   0.0215994903
   0.0200680259
   0.0193663786
   0.0168569921
   0.0124021112
   0.0169816104
   0.0125423306
   0.0048937488
   0.0198718361
   0.0165864542
   0.0183531078
   0.0228218712
   0.0209575870
   0.0174296289
   0.0074821676
   0.0088232535
   0.0056740183
   0.0128446149
   0.0079171743
   0.0210097179
   0.0100484696
   0.0177609465
   0.0229047980
   0.0119372733
   0.0196878779
   0.0145095581
   0.0008765286
   0.0096460055
   0.0070493802
  -0.0018375129
   0.0027006760
  -0.0022434291
  -0.0058396305
  -0.0028675075
  -0.0067340242
  -0.0088442902
  -0.0033588710
  -0.0106059021
  -0.0046541833
  -0.0111921528
  -0.0091884115
   0.0014616942
  -0.0113108539
  -0.0089811761
   0.0020796686
  -0.0089173180
  -0.0104469849
  -0.0036506881
  -0.0075459181
  -0.0086353769
  -0.0020330656
  -0.0028932518
  -0.0059251608
  -0.0018581356
  -0.0014717282
   0.0013753743
   0.0025852545
  -0.0007337410
   0.0031605892
  -0.0015796347
   0.0011610252
   0.0013268450
   0.0003716809
   0.0036520575
   0.0014653385
   0.0007719550
  -0.0006295752
   0.0039698645
   0.0032153283
  -0.0043224691
   0.0015805771
   0.0039202103
   0.0044145828
   0.0017815549
   0.0039635372
   0.0044198813
   0.0039515948
   0.0023311461
  -0.0016573107
   0.0001186863
   0.0003969587
  -0.0012331465
   0.0032680982
  -0.0056977091
  -0.0025631477
   0.0039980360
  -0.0038532504
  -0.0077354005
   0.0002160090
  -0.0122863535
  -0.0168785168
  -0.0206789222
  -0.0137073525
  -0.0253672438
  -0.0262225866
  -0.0221450741
  -0.0274997549
  -0.0294887569
  -0.0281416950
  -0.0225742750
  -0.0241624332
  -0.0289627670
  -0.0303160936
  -0.0291059880
  -0.0247063032
  -0.0269379356
  -0.0290322295
  -0.0276116655
  -0.0217029471
  -0.0243436191
  -0.0252148522
  -0.0207492130
  -0.0152304596
  -0.0190687080
  -0.0115060701
   0.0001046004
  -0.0024153696
   0.0033356192
  -0.0026570693
  -0.0015770442
   0.0037966668
   0.0005754513
  -0.0032735040
  -0.0100500817
  -0.0043726265
  -0.0009912172
  -0.0003541955
  -0.0013723133
  -0.0053942720
  -0.0003801383
  -0.0012589136
  -0.0011980892
  -0.0123084095
  -0.0052290876
  -0.0039115949
  -0.0034792371
   0.0001918559
  -0.0005245411
  -0.0071726697
  -0.0032712464
   0.0035497366
   0.0004811526
  -0.0070792351
  -0.0034356644
   0.0003890078
  -0.0085684781
  -0.0086160499
  -0.0156089361
  -0.0128586667
  -0.0154861450
  -0.0201761513
  -0.0191434635
  -0.0143197485
  -0.0213341287
  -0.0227787050
  -0.0187475045
  -0.0132200415
  -0.0209008684
  -0.0235800751
  -0.0219630516
  -0.0137692828
  -0.0211185161
  -0.0228076393
  -0.0192811681
  -0.0145920523
  -0.0199360589
  -0.0194191089
  -0.0071053433
  -0.0152298342
  -0.0131276027
  -0.0082123324
   0.0027700587
   0.0036915404
   0.0031157482
   0.0030567277
   0.0031447030
   0.0140464130
   0.0076434295
  -0.0021796066
   0.0162092646
   0.0119695846
   0.0060522529
  -0.0018901669
   0.0137702164
   0.0093710034
   0.0053568528
   0.0077564456
   0.0124985403
   0.0154596335
   0.0110944822
   0.0206493826
   0.0269455631
   0.0228670524
   0.0209238302
   0.0267697098
   0.0230300110
   0.0209781734
   0.0268332842
   0.0230977975
   0.0207754541
   0.0271041996
   0.0230442734
   0.0228720523
   0.0102749360
   0.0131076592
   0.0084901105
   0.0039599153
   0.0067916594
   0.0117035371
   0.0147039951
   0.0155853791
   0.0114237713
   0.0051696539
  -0.0039429019
   0.0136765805
   0.0073431760
  -0.0029357439
   0.0275830356
   0.0169408766
   0.0225187748
   0.0053151255
   0.0151192823
   0.0210061810
   0.0257172213
   0.0058558691
   0.0154019507
   0.0212164210
   0.0259179341
   0.0282277535
   0.0094268378
   0.0176408438
   0.0230950578
   0.0170633625
  -0.0025541199
   0.0015261622
  -0.0045243655
   0.0026089375
  -0.0021401179
   0.0024871186
  -0.0024062333
   0.0010969793
  -0.0055923342
  -0.0039008763
   0.0006286004
   0.0013598521
  -0.0003914400
  -0.0043183339
  -0.0013503213
   0.0017879194
   0.0018617289
  -0.0080607378
  -0.0014082621
   0.0020923917
   0.0030358048
  -0.0076966038
  -0.0007290229
   0.0028783305
  -0.0098842432
  -0.0188409938
  -0.0069397810
  -0.0004792559
   0.0029443295
  -0.0138748606
  -0.0067350794
  -0.0008375335
   0.0022947319
   0.0030508871
   0.0013188552
   0.0002584929
  -0.0031180496
  -0.0006508192
   0.0019904798
   0.0017488940
   0.0009994243
  -0.0078328683
  -0.0025530653
  -0.0138963885
  -0.0052693074
  -0.0013656621
  -0.0144522782
  -0.0055061984
  -0.0015058357
  -0.0087409242
  -0.0030131712
  -0.0085631136
  -0.0087176342
  -0.0218701480
  -0.0005107396
  -0.0022948200
  -0.0068102408
  -0.0158319125
  -0.0010464694
  -0.0021118255
  -0.0060290325
  -0.0128443540
  -0.0021254241
  -0.0018927404
  -0.0016373713
  -0.0042630334
  -0.0049247965
  -0.0011387868
  -0.0018469523
  -0.0019996674
  -0.0019425501
  -0.0016924873
  -0.0017356896
  -0.0046946949
  -0.0055747668
  -0.0015467919
  -0.0022157312
  -0.0010008609
  -0.0023024151
  -0.0065481038
  -0.0137936362
  -0.0024027765
  -0.0072382111
  -0.0168490573
