#! FIELDS phi psi file.free der_phi der_psi
#! SET min_phi -pi
#! SET max_phi pi
#! SET nbins_phi  33
#! SET periodic_phi true
#! SET min_psi -pi
#! SET max_psi pi
#! SET nbins_psi  18
#! SET periodic_psi true
   -3.141592654   -3.141592654 -110.169781174  -53.386682162   16.622765126
   -2.951193099   -3.141592654 -118.641401965  -34.946320144   18.926938346
   -2.760793544   -3.141592654 -123.328924940  -14.561652036   20.485247650
   -2.570393989   -3.141592654 -124.391392852    2.370161772   21.379108821
   -2.379994435   -3.141592654 -122.873502991   12.193678860   21.959217325
   -2.189594880   -3.141592654 -120.230758224   14.389863936   22.769763325
   -1.999195325   -3.141592654 -117.707601454   11.625849412   24.327163581
   -1.808795770   -3.141592654 -115.828509167    8.414716247   26.841283957
   -1.618396215   -3.141592654 -114.245778763    9.073461856   30.032934564
   -1.427996661   -3.141592654 -111.978012125   15.701607368   33.177428724
   -1.237597106   -3.141592654 -107.934575070   27.334039602   35.363128164
   -1.047197551   -3.141592654 -101.459621744   40.467166311   35.831636272
   -0.856797996   -3.141592654  -92.690335270   50.683310674   34.218679125
   -0.666398442   -3.141592654  -82.566447953   54.150765309   30.597958546
   -0.475998887   -3.141592654  -72.603275889   48.817914983   25.355627474
   -0.285599332   -3.141592654  -64.510286226   34.694148317   19.010932112
   -0.095199777   -3.141592654  -59.801594293   13.779495295   12.070779531
    0.095199777   -3.141592654  -59.437092098  -10.162057129    4.999832472
    0.285599332   -3.141592654  -63.511992467  -31.876534056   -1.730237885
    0.475998887   -3.141592654  -71.045512152  -45.551250174   -7.587121280
    0.666398442   -3.141592654  -80.025728943  -46.548218256  -12.006015899
    0.856797996   -3.141592654  -87.850289281  -33.556895451  -14.533302018
    1.047197551   -3.141592654  -92.105628627  -10.024445702  -15.028697473
    1.237597106   -3.141592654  -91.453679679   16.555984067  -13.755405792
    1.427996661   -3.141592654  -86.159335870   37.352787119  -11.291914579
    1.618396215   -3.141592654  -78.025056303   45.622029946   -8.284987739
    1.808795770   -3.141592654  -69.734229999   39.034145308   -5.198746426
    1.999195325   -3.141592654  -63.960205063   19.890199118   -2.203386049
    2.189594880   -3.141592654  -62.605114087   -6.287159674    0.765441838
    2.379994435   -3.141592654  -66.378989519  -32.888356656    3.839385178
    2.570393989   -3.141592654  -74.769349669  -53.907805888    7.087390099
    2.760793544   -3.141592654  -86.274425395  -65.081760605   10.441429234
    2.951193099   -3.141592654  -98.800496413  -64.603903651   13.708139990

   -3.141592654   -2.792526803 -102.730893125  -49.367414632   25.604103395
   -2.951193099   -2.792526803 -110.605808702  -32.719268129   27.738626517
   -2.760793544   -2.792526803 -115.032365229  -13.984219103   28.747502885
   -2.570393989   -2.792526803 -116.095339249    1.932388459   28.869817374
   -2.379994435   -2.792526803 -114.675736523   11.797533625   28.611418306
   -2.189594880   -2.792526803 -112.009330967   15.218592231   28.610844371
   -1.999195325   -2.792526803 -109.140607022   14.508035374   29.395510828
   -1.808795770   -2.792526803 -106.509005610   13.353917451   31.110999376
   -1.618396215   -2.792526803 -103.863254225   15.059769400   33.374345534
   -1.427996661   -2.792526803 -100.494406717   20.959242131   35.357217874
   -1.237597106   -2.792526803  -95.676882873   29.919088683   36.083002885
   -1.047197551   -2.792526803  -89.086360071   38.937550672   34.799724798
   -0.856797996   -2.792526803  -81.050744979   44.513746541   31.244088032
   -0.666398442   -2.792526803  -72.515266659   43.788300521   25.680217141
   -0.475998887   -2.792526803  -64.836432490   35.433715023   18.746679844
   -0.285599332   -2.792526803  -59.461821623   19.797802292   11.218456246
   -0.095199777   -2.792526803  -57.611196539   -1.088345508    3.797630192
    0.095199777   -2.792526803  -59.962674743  -23.600789603   -2.965969241
    0.285599332   -2.792526803  -66.363068721  -42.683835244   -8.645351640
    0.475998887   -2.792526803  -75.626529973  -52.782310911  -12.871906721
    0.666398442   -2.792526803  -85.598159796  -49.675188576  -15.336693931
    0.856797996   -2.792526803  -93.630859947  -32.677945674  -15.886651543
    1.047197551   -2.792526803  -97.397247697   -5.934365208  -14.659228799
    1.237597106   -2.792526803  -95.763175965   22.568462141  -12.097825050
    1.427996661   -2.792526803  -89.248969013   43.976928621   -8.805189941
    1.618396215   -2.792526803  -79.868511885   52.008200473   -5.295360459
    1.808795770   -2.792526803  -70.404438014   44.996152318   -1.807475001
    1.999195325   -2.792526803  -63.513751974   25.735099260    1.711969282
    2.189594880   -2.792526803  -61.023155560   -0.152698176    5.459185174
    2.379994435   -2.792526803  -63.584568509  -26.296824599    9.562720598
    2.570393989   -2.792526803  -70.690540060  -47.086311691   13.958825259
    2.760793544   -2.792526803  -80.914989741  -58.569412989   18.369329360
    2.951193099   -2.792526803  -92.281384359  -59.058705770   22.386582034

   -3.141592654   -2.443460953  -94.070508563  -44.884522360   23.161284807
   -2.951193099   -2.443460953 -101.267918711  -30.094201541   24.913370019
   -2.760793544   -2.443460953 -105.360615725  -13.033752210   25.676447821
   -2.570393989   -2.443460953 -106.356073304    1.824466821   25.683055797
   -2.379994435   -2.443460953 -104.986016775   11.550767115   25.345477993
   -2.189594880   -2.443460953 -102.305276696   15.749887044   25.134442069
   -1.999195325   -2.443460953  -99.216674521   16.312508879   25.388834685
   -1.808795770   -2.443460953  -96.135604394   16.151707671   26.122864438
   -1.618396215   -2.443460953  -92.946926908   17.726060860   26.944962785
   -1.427996661   -2.443460953  -89.212962019   21.853009959   27.157666827
   -1.237597106   -2.443460953  -84.521748328   27.495862716   26.021248740
   -1.047197551   -2.443460953  -78.783184325   32.369666626   23.063888278
   -0.856797996   -2.443460953  -72.386409340   33.998981055   18.284383235
   -0.666398442   -2.443460953  -66.144674805   30.471577541   12.141853541
   -0.475998887   -2.443460953  -61.137622580   20.997851353    5.380427842
   -0.285599332   -2.443460953  -58.482371558    5.943642055   -1.222272742
   -0.095199777   -2.443460953  -59.105532191  -13.027466674   -7.060787919
    0.095199777   -2.443460953  -63.479252960  -32.799370851  -11.773064631
    0.285599332   -2.443460953  -71.335871371  -48.739251206  -15.196693388
    0.475998887   -2.443460953  -81.441991822  -55.571053130  -17.269463603
    0.666398442   -2.443460953  -91.641753336  -49.306481295  -17.968669623
    0.856797996   -2.443460953  -99.335104886  -29.565045724  -17.329639755
    1.047197551   -2.443460953 -102.305655025   -0.820594426  -15.516502095
    1.237597106   -2.443460953  -99.583473467   28.739995244  -12.833706350
    1.427996661   -2.443460953  -91.863342322   50.372699438   -9.652479274
    1.618396215   -2.443460953  -81.281696618   58.201597918   -6.269572186
    1.808795770   -2.443460953  -70.655637479   51.049268393   -2.811663293
    1.999195325   -2.443460953  -62.598017484   32.001303922    0.764108643
    2.189594880   -2.443460953  -58.865814116    6.648224889    4.562076557
    2.379994435   -2.443460953  -60.074932530  -18.928346161    8.612469942
    2.570393989   -2.443460953  -65.747538950  -39.493757613   12.796477172
    2.760793544   -2.443460953  -74.551523726  -51.369899312   16.844331058
    2.951193099   -2.443460953  -84.638493887  -52.942166955   20.406162590

   -3.141592654   -2.094395102  -87.636640637  -41.047316220   13.839700689
   -2.951193099   -2.094395102  -94.239584010  -27.699312813   15.084602110
   -2.760793544   -2.094395102  -98.010085874  -12.009720484   15.743202727
   -2.570393989   -2.094395102  -98.915152514    1.824627346   15.916218627
   -2.379994435   -2.094395102  -97.601754222   11.048502577   15.764233527
   -2.189594880   -2.094395102  -95.024565321   15.231822410   15.449173519
   -1.999195325   -2.094395102  -92.018974530   15.947849254   15.047991574
   -1.808795770   -2.094395102  -89.015964700   15.591248482   14.472959632
   -1.618396215   -2.094395102  -86.018033468   16.117057253   13.466082713
   -1.427996661   -2.094395102  -82.774778893   18.151048376   11.687624114
   -1.237597106   -2.094395102  -79.051801724   20.964215392    8.876402860
   -1.047197551   -2.094395102  -74.833760064   23.016685306    5.005140801
   -0.856797996   -2.094395102  -70.424352720   22.694197244    0.347895926
   -0.666398442   -2.094395102  -66.405749207   18.711067668   -4.590834266
   -0.475998887   -2.094395102  -63.552424611   10.399234971   -9.225315339
   -0.285599332   -2.094395102  -62.703265990   -2.268203714  -13.067685074
   -0.095199777   -2.094395102  -64.615668137  -18.320613345  -15.856192478
    0.095199777   -2.094395102  -69.727957361  -35.329229082  -17.582385901
    0.285599332   -2.094395102  -77.846850018  -49.072457470  -18.424589303
    0.475998887   -2.094395102  -87.858712418  -54.337912036  -18.614081271
    0.666398442   -2.094395102  -97.714028854  -46.968121662  -18.312328972
    0.856797996   -2.094395102 -104.879559166  -26.379118835  -17.556179347
    1.047197551   -2.094395102 -107.175644404    3.062997201  -16.299109703
    1.237597106   -2.094395102 -103.659595169   33.173043629  -14.488125409
    1.427996661   -2.094395102  -95.056263677   55.194570406  -12.135303499
    1.618396215   -2.094395102  -83.528226124   63.301484749   -9.329150144
    1.808795770   -2.094395102  -71.904779016   56.422776022   -6.210745703
    1.999195325   -2.094395102  -62.792220412   37.710477665   -2.921756366
    2.189594880   -2.094395102  -57.936355736   12.728147802    0.413701317
    2.379994435   -2.094395102  -57.957466632  -12.569324626    3.686883578
    2.570393989   -2.094395102  -62.412098504  -33.126269763    6.790275951
    2.760793544   -2.094395102  -70.034073128  -45.408656699    9.602211014
    2.951193099   -2.094395102  -79.060866124  -47.848682632   11.989777269

   -3.141592654   -1.745329252  -85.299696558  -38.780312294    4.782601567
   -2.951193099   -1.745329252  -91.532573852  -26.094528047    5.463774656
   -2.760793544   -1.745329252  -95.065563614  -11.129694254    5.900859167
   -2.570393989   -1.745329252  -95.871576544    1.985498861    6.041681346
   -2.379994435   -1.745329252  -94.591941036   10.539081633    5.805810158
   -2.189594880   -1.745329252  -92.174675223   14.054229859    5.095287638
   -1.999195325   -1.745329252  -89.468278286   13.938368625    3.802624163
   -1.808795770   -1.745329252  -86.953876519   12.397776480    1.828793363
   -1.618396215   -1.745329252  -84.710340951   11.329051853   -0.871266455
   -1.427996661   -1.745329252  -82.549970577   11.567152704   -4.236991940
   -1.237597106   -1.745329252  -80.235099167   12.850611041   -8.065157902
   -1.047197551   -1.745329252  -77.647275747   14.187592366  -12.013430868
   -0.856797996   -1.745329252  -74.894989946   14.330860620  -15.650974669
   -0.666398442   -1.745329252  -72.327271522   12.023042019  -18.555851099
   -0.475998887   -1.745329252  -70.516166334    6.247241834  -20.410714889
   -0.285599332   -1.745329252  -70.190513951   -3.621028483  -21.088854008
   -0.095199777   -1.745329252  -72.120664685  -17.260670076  -20.702465387
    0.095199777   -1.745329252  -76.869608379  -32.745145739  -19.583611450
    0.285599332   -1.745329252  -84.436487197  -46.030873035  -18.195295515
    0.475998887   -1.745329252  -93.898581624  -51.714363049  -16.969972472
    0.666398442   -1.745329252 -103.330521156  -45.154424767  -16.145945434
    0.856797996   -1.745329252 -110.218704004  -25.205374025  -15.672104509
    1.047197551   -1.745329252 -112.307776883    4.175114435  -15.246299618
    1.237597106   -1.745329252 -108.531287167   34.889796875  -14.473005751
    1.427996661   -1.745329252  -99.505252889   57.954092772  -13.060352299
    1.618396215   -1.745329252  -87.344208849   67.151120547  -10.953218473
    1.808795770   -1.745329252  -74.904083841   61.069400478   -8.344526088
    1.999195325   -1.745329252  -64.867072183   42.681932108   -5.559258348
    2.189594880   -1.745329252  -59.068867114   17.581206941   -2.918509565
    2.379994435   -1.745329252  -58.200597466   -8.121188483   -0.630688431
    2.570393989   -1.745329252  -61.856638331  -29.199174685    1.234599700
    2.760793544   -1.745329252  -68.781369560  -42.016882168    2.711757874
    2.951193099   -1.745329252  -77.213229299  -44.994207130    3.872693128

   -3.141592654   -1.396263402  -86.840640071  -39.049904443    1.916443166
   -2.951193099   -1.396263402  -93.119882112  -26.306924781    1.995785081
   -2.760793544   -1.396263402  -96.688871946  -11.324491179    1.973939956
   -2.570393989   -1.396263402  -97.545706292    1.585829348    1.744139575
   -2.379994435   -1.396263402  -96.391298691    9.545413398    1.115154627
   -2.189594880   -1.396263402  -94.258562776   11.978600227   -0.142657695
   -1.999195325   -1.396263402  -92.087605110   10.326784353   -2.225955569
   -1.808795770   -1.396263402  -90.426854544    7.036660562   -5.208856961
   -1.618396215   -1.396263402  -89.357662844    4.432110763   -8.957111737
   -1.427996661   -1.396263402  -88.602879376    3.861211157  -13.105544282
   -1.237597106   -1.396263402  -87.744046834    5.472131151  -17.123368392
   -1.047197551   -1.396263402  -86.428949152    8.400728093  -20.453010996
   -0.856797996   -1.396263402  -84.541293757   11.171477585  -22.652107656
   -0.666398442   -1.396263402  -82.278925222   12.008365446  -23.491195307
   -0.475998887   -1.396263402  -80.176502826    9.248985175  -22.970643090
   -0.285599332   -1.396263402  -79.046070906    1.666734918  -21.299245419
   -0.095199777   -1.396263402  -79.841901821  -10.851146055  -18.862069673
    0.095199777   -1.396263402  -83.370789366  -26.565405213  -16.164754069
    0.285599332   -1.396263402  -89.882631879  -41.302445878  -13.746169283
    0.475998887   -1.396263402  -98.647580334  -49.190033121  -12.026951488
    0.666398442   -1.396263402 -107.815978197  -44.846171795  -11.169880615
    0.856797996   -1.396263402 -114.800880285  -26.355672189  -11.007158883
    1.047197551   -1.396263402 -117.149007172    2.815264503  -11.100843268
    1.237597106   -1.396263402 -113.550184687   34.540611329  -10.929055583
    1.427996661   -1.396263402 -104.432325562   59.307085154  -10.105532174
    1.618396215   -1.396263402  -91.849776263   70.136648058   -8.532589436
    1.808795770   -1.396263402  -78.736430038   64.997626687   -6.413462114
    1.999195325   -1.396263402  -67.935532602   46.615973527   -4.119833925
    2.189594880   -1.396263402  -61.450598575   20.755403867   -2.028700215
    2.379994435   -1.396263402  -60.082202088   -6.071351042   -0.386523172
    2.570393989   -1.396263402  -63.453830845  -28.225096850    0.731371042
    2.760793544   -1.396263402  -70.272239200  -41.811057438    1.395164712
    2.951193099   -1.396263402  -78.707938041  -45.174565765    1.742817050

   -3.141592654   -1.047197551  -89.629475956  -40.683300495    3.720854070
   -2.951193099   -1.047197551  -96.174575596  -27.446645038    2.590460734
   -2.760793544   -1.047197551  -99.911675645  -11.992839628    1.309320058
   -2.570393989   -1.047197551 -100.877067176    1.015903779   -0.113247817
   -2.379994435   -1.047197551  -99.872916577    8.409472407   -1.799070734
   -2.189594880   -1.047197551  -98.071020181    9.524426422   -3.973366141
   -1.999195325   -1.047197551  -96.537472657    6.036982281   -6.857004466
   -1.808795770   -1.047197551  -95.869610945    0.963455379  -10.508977964
   -1.618396215   -1.047197551  -96.070203474   -2.644576390  -14.685435710
   -1.427996661   -1.047197551  -96.653640527   -2.864921690  -18.830684075
   -1.237597106   -1.047197551  -96.921704074    0.590744900  -22.217875168
   -1.047197551   -1.047197551  -96.267098663    6.474157585  -24.202805476
   -0.856797996   -1.047197551  -94.427558914   12.589063117  -24.443757273
   -0.666398442   -1.047197551  -91.600353016   16.405367006  -22.995236514
   -0.475998887   -1.047197551  -88.446837516   15.705387233  -20.242474352
   -0.285599332   -1.047197551  -85.986110394    8.966620646  -16.748541946
   -0.095199777   -1.047197551  -85.414565974   -3.997850434  -13.095536295
    0.095199777   -1.047197551  -87.775544045  -21.327328348   -9.764703991
    0.285599332   -1.047197551  -93.511238686  -38.475801708   -7.071375710
    0.475998887   -1.047197551 -101.988779022  -48.970100279   -5.128550910
    0.666398442   -1.047197551 -111.325174391  -46.685555096   -3.869613879
    0.856797996   -1.047197551 -118.765649252  -29.083140509   -3.095169668
    1.047197551   -1.047197551 -121.602925663    0.609707698   -2.540682710
    1.237597106   -1.047197551 -118.278559390   33.985660904   -1.954210839
    1.427996661   -1.047197551 -109.068794155   60.818324202   -1.154855634
    1.618396215   -1.047197551  -96.026883252   73.313074853   -0.079293801
    1.808795770   -1.047197551  -82.223505161   68.877078185    1.209108207
    1.999195325   -1.047197551  -70.704693157   50.102948539    2.556837922
    2.189594880   -1.047197551  -63.660859920   23.038994899    3.769660927
    2.379994435   -1.047197551  -62.001887751   -5.314709148    4.670489060
    2.570393989   -1.047197551  -65.366041719  -28.840293498    5.131515751
    2.760793544   -1.047197551  -72.396508545  -43.327717856    5.100549533
    2.951193099   -1.047197551  -81.160563258  -47.004790344    4.599188900

   -3.141592654   -0.698131701  -90.113698304  -44.556946667    3.916485897
   -2.951193099   -0.698131701  -97.398722671  -31.280358435    1.595354952
   -2.760793544   -0.698131701 -101.839389058  -15.534891550   -0.898961691
   -2.570393989   -0.698131701 -103.456186317   -2.334067113   -3.410653995
   -2.379994435   -0.698131701 -103.104510719    4.815069185   -5.945411263
   -2.189594880   -0.698131701 -102.055470472    5.129223821   -8.676623808
   -1.999195325   -0.698131701 -101.463707465    0.527898267  -11.810567962
   -1.808795770   -0.698131701 -101.934801440   -5.382447772  -15.365932970
   -1.618396215   -0.698131701 -103.351609115   -8.860162847  -18.996643252
   -1.427996661   -0.698131701 -104.995832745   -7.541317075  -22.019498102
   -1.237597106   -0.698131701 -105.899665932   -1.229351995  -23.653507859
   -1.047197551   -0.698131701 -105.259619468    8.180584143  -23.372918602
   -0.856797996   -0.698131701 -102.771789179   17.572908898  -21.154328917
   -0.666398442   -0.698131701  -98.762278875   23.613295795  -17.491307065
   -0.475998887   -0.698131701  -94.139509672   23.675401018  -13.181277550
   -0.285599332   -0.698131701  -90.203086548   16.286368075   -9.016389537
   -0.095199777   -0.698131701  -88.384138116    1.662924600   -5.522731753
    0.095199777   -0.698131701  -89.863051125  -17.748044934   -2.847609713
    0.285599332   -0.698131701  -95.105064920  -36.795178641   -0.815557905
    0.475998887   -0.698131701 -103.395793465  -48.561832513    0.905839507
    0.666398442   -0.698131701 -112.709433047  -46.728131823    2.584795762
    0.856797996   -0.698131701 -120.138833111  -28.836685443    4.284714094
    1.047197551   -0.698131701 -122.860474206    1.603752946    5.870765211
    1.237597106   -0.698131701 -119.262664935   35.840724610    7.132895354
    1.427996661   -0.698131701 -109.630429594   63.342095736    7.948472228
    1.618396215   -0.698131701  -96.073517615   76.120082025    8.352660635
    1.808795770   -0.698131701  -81.744333266   71.515637472    8.496798216
    1.999195325   -0.698131701  -69.774062305   52.140203996    8.538812169
    2.189594880   -0.698131701  -62.428446653   24.123915149    8.541649960
    2.379994435   -0.698131701  -60.673910994   -5.423378255    8.439024707
    2.570393989   -0.698131701  -64.181465789  -30.233884001    8.064842989
    2.760793544   -0.698131701  -71.593574581  -45.908476683    7.238832155
    2.951193099   -0.698131701  -80.938990155  -50.462484912    5.849205596

   -3.141592654   -0.349065850  -89.201762058  -49.683530609    3.252746241
   -2.951193099   -0.349065850  -97.515372943  -36.857607119    0.097698029
   -2.760793544   -0.349065850 -103.019638185  -21.051208933   -3.119492945
   -2.570393989   -0.349065850 -105.657190534   -7.523338262   -6.179768855
   -2.379994435   -0.349065850 -106.269203876   -0.164892556   -9.049878034
   -2.189594880   -0.349065850 -106.176979713    0.000180423  -11.877116064
   -1.999195325   -0.349065850 -106.595178748   -4.945149861  -14.818784216
   -1.808795770   -0.349065850 -108.116636591  -10.809781038  -17.799187517
   -1.618396215   -0.349065850 -110.481419978  -13.159305881  -20.360933570
   -1.427996661   -0.349065850 -112.724292411   -9.294257489  -21.773002863
   -1.237597106   -0.349065850 -113.628386075    0.633820655  -21.355496309
   -1.047197551   -0.349065850 -112.272264869   13.757098055  -18.863178390
   -0.856797996   -0.349065850 -108.444445453   25.813454483  -14.677883529
   -0.666398442   -0.349065850 -102.754377414   32.690043383   -9.693080384
   -0.475998887   -0.349065850  -96.477468412   31.685496059   -4.955516011
   -0.285599332   -0.349065850  -91.225860491   21.954319275   -1.252745668
   -0.095199777   -0.349065850  -88.579214141    4.734215227    1.172743030
    0.095199777   -0.349065850  -89.667499243  -16.533813231    2.653666259
    0.285599332   -0.349065850  -94.752239152  -36.124582537    3.879077407
    0.475998887   -0.349065850 -102.864705077  -47.197343602    5.531255637
    0.666398442   -0.349065850 -111.796799026  -44.071795853    7.923847295
    0.856797996   -0.349065850 -118.609233240  -25.136458883   10.842831797
    1.047197551   -0.349065850 -120.590555861    5.492572432   13.678634914
    1.237597106   -0.349065850 -116.308794405   38.991938226   15.754183660
    1.427996661   -0.349065850 -106.193192680   65.224346390   16.669137716
    1.618396215   -0.349065850  -92.401031054   76.757031995   16.447994744
    1.808795770   -0.349065850  -78.039510340   71.302180236   15.450150543
    1.999195325   -0.349065850  -66.156284187   51.500577403   14.126023990
    2.189594880   -0.349065850  -58.956324309   23.242101703   12.787044113
    2.379994435   -0.349065850  -57.401697629   -6.684929711   11.496426745
    2.570393989   -0.349065850  -61.212330748  -32.217932187   10.096804857
    2.760793544   -0.349065850  -69.098345715  -48.945477822    8.345261367
    2.951193099   -0.349065850  -79.132833933  -54.658385810    6.065076045

   -3.141592654    0.000000000  -87.992873293  -55.138397933    2.006697220
   -2.951193099    0.000000000  -97.390058517  -42.684508563   -1.056612115
   -2.760793544    0.000000000 -103.999772716  -26.755088730   -4.029860489
   -2.570393989    0.000000000 -107.688745244  -12.841308931   -6.728621768
   -2.379994435    0.000000000 -109.281028718   -5.175277600   -9.139003287
   -2.189594880    0.000000000 -110.132537217   -4.929566699  -11.398665854
   -1.999195325    0.000000000 -111.482570588   -9.749240085  -13.620449848
   -1.808795770    0.000000000 -113.860767514  -14.831672854  -15.666741395
   -1.618396215    0.000000000 -116.823986756  -15.192371934  -17.055526889
   -1.427996661    0.000000000 -119.164312395   -8.113157618  -17.130933061
   -1.237597106    0.000000000 -119.487854788    5.545698795  -15.418705310
   -1.047197551    0.000000000 -116.884589874   21.729092849  -11.963072125
   -0.856797996    0.000000000 -111.380014074   35.102211979   -7.410375828
   -0.666398442    0.000000000 -103.968370347   41.135164378   -2.771354167
   -0.475998887    0.000000000  -96.306745754   37.571013105    1.011011606
   -0.285599332    0.000000000  -90.235688553   24.683736161    3.457726084
   -0.095199777    0.000000000  -87.322447176    5.018758185    4.747707942
    0.095199777    0.000000000  -88.459842446  -17.013666663    5.604334649
    0.285599332    0.000000000  -93.555078329  -35.468288236    6.939894452
    0.475998887    0.000000000 -101.325561248  -44.150286438    9.404340691
    0.666398442    0.000000000 -109.435284575  -38.607353320   13.038296913
    0.856797996    0.000000000 -115.062396776  -18.444668701   17.214178293
    1.047197551    0.000000000 -115.794621300   11.597758390   20.924804870
    1.237597106    0.000000000 -110.535074808   42.954696210   23.241764496
    1.427996661    0.000000000  -99.929568265   66.391484903   23.714662213
    1.618396215    0.000000000  -86.159763699   75.496365599   22.492097475
    1.808795770    0.000000000  -72.193849538   68.600562162   20.153604990
    1.999195325    0.000000000  -60.879569109   48.373738108   17.379689449
    2.189594880    0.000000000  -54.264842149   20.276427955   14.668699435
    2.379994435    0.000000000  -53.254594667   -9.476775644   12.209482243
    2.570393989    0.000000000  -57.609575540  -35.228453488    9.909945932
    2.760793544    0.000000000  -66.128094633  -52.649521430    7.544574443
    2.951193099    0.000000000  -76.956191187  -59.305486198    4.923437494

   -3.141592654    0.349065850  -86.366297612  -59.556495085    1.479550719
   -2.951193099    0.349065850  -96.624925467  -47.252120942   -0.416202066
   -2.760793544    0.349065850 -104.096062053  -31.178095788   -2.120532461
   -2.570393989    0.349065850 -108.599066088  -16.944068004   -3.604951296
   -2.379994435    0.349065850 -110.941843206   -8.959377150   -4.940567117
   -2.189594880    0.349065850 -112.487520266   -8.426239957   -6.252387269
   -1.999195325    0.349065850 -114.461978502  -12.736493943   -7.580331897
   -1.808795770    0.349065850 -117.313271763  -16.666543033   -8.739242810
   -1.618396215    0.349065850 -120.445405315  -14.978096922   -9.313791229
   -1.427996661    0.349065850 -122.493933201   -5.203974009   -8.847198799
   -1.237597106    0.349065850 -122.009602614   11.013902252   -7.126279329
   -1.047197551    0.349065850 -118.203278240   28.638033294   -4.377375312
   -0.856797996    0.349065850 -111.382781797   41.706007820   -1.224110812
   -0.666398442    0.349065850 -102.877267898   45.801312676    1.591498308
   -0.475998887    0.349065850  -94.582937028   39.513002734    3.570662960
   -0.285599332    0.349065850  -88.375383452   24.346978579    4.699981865
   -0.095199777    0.349065850  -85.628152121    3.924695659    5.478977309
    0.095199777    0.349065850  -86.887913725  -16.882219593    6.696856146
    0.285599332    0.349065850  -91.707203532  -32.512669411    9.058765985
    0.475998887    0.349065850  -98.596802799  -37.897849341   12.812655658
    0.666398442    0.349065850 -105.265521277  -30.008106090   17.553329735
    0.856797996    0.349065850 -109.186324881   -9.522098047   22.314176398
    1.047197551    0.349065850 -108.371263479   18.574297950   25.951402793
    1.237597106    0.349065850 -102.102737712   46.408716613   27.605088338
    1.427996661    0.349065850  -91.213584526   65.974004830   27.020016464
    1.618396215    0.349065850  -77.835541116   72.018658033   24.568630318
    1.808795770    0.349065850  -64.712655870   63.479686705   21.011073510
    1.999195325    0.349065850  -54.418945436   42.966058122   17.145657055
    2.189594880    0.349065850  -48.790306030   15.411257288   13.544700299
    2.379994435    0.349065850  -48.635943294  -13.621847336   10.460731563
    2.570393989    0.349065850  -53.732035472  -38.944267516    7.867448533
    2.760793544    0.349065850  -62.952623766  -56.379306306    5.600162556
    2.951193099    0.349065850  -74.519170622  -63.365738917    3.496731057

   -3.141592654    0.698131701  -84.633682124  -62.015990322    0.528856831
   -2.951193099    0.698131701  -95.358999605  -49.670118560    0.070613924
   -2.760793544    0.698131701 -103.282451941  -33.481782426   -0.178176274
   -2.570393989    0.698131701 -108.210317408  -19.087513601   -0.348112588
   -2.379994435    0.698131701 -110.947273058  -10.952906630   -0.573399347
   -2.189594880    0.698131701 -112.858381761  -10.255946454   -0.949605658
   -1.999195325    0.698131701 -115.154063454  -14.229491901   -1.471312945
   -1.808795770    0.698131701 -118.229701220  -17.449976454   -1.995973425
   -1.618396215    0.698131701 -121.409690589  -14.635984350   -2.289673988
   -1.427996661    0.698131701 -123.269777028   -3.577467047   -2.152150367
   -1.237597106    0.698131701 -122.374883400   13.598552422   -1.544172728
   -1.047197551    0.698131701 -118.044293948   31.403885845   -0.622296031
   -0.856797996    0.698131701 -110.751417750   43.768104466    0.356975212
   -0.666398442    0.698131701 -101.966734144   46.639595457    1.215457992
   -0.475998887    0.698131701  -93.620429637   39.317355030    2.007969812
   -0.285599332    0.698131701  -87.476837768   24.080603254    3.053148390
   -0.095199777    0.698131701  -84.673863540    5.026333164    4.840125941
    0.095199777    0.698131701  -85.482720924  -13.064691955    7.814356416
    0.285599332    0.698131701  -89.259757732  -25.372712209   12.126676764
    0.475998887    0.698131701  -94.509264497  -28.017683456   17.439465051
    0.666398442    0.698131701  -99.168090873  -19.160887039   22.919692053
    0.856797996    0.698131701 -101.120542414   -0.107531703   27.451800595
    1.047197551    0.698131701  -98.826754385   24.405205438   30.033196161
    1.237597106    0.698131701  -91.886869414   47.563636562   30.141353919
    1.427996661    0.698131701  -81.210939179   62.737019274   27.897097548
    1.618396215    0.698131701  -68.764764927   65.762475272   23.956916011
    1.808795770    0.698131701  -56.978463238   55.993386306   19.215685560
    1.999195325    0.698131701  -48.100164273   35.787876929   14.486609228
    2.189594880    0.698131701  -43.732211204    9.435527962   10.312473656
    2.379994435    0.698131701  -44.580616199  -18.198885542    6.941943478
    2.570393989    0.698131701  -50.434388400  -42.400759990    4.393150944
    2.760793544    0.698131701  -60.242824185  -59.173194009    2.564785861
    2.951193099    0.698131701  -72.311376613  -65.892740703    1.322105285

   -3.141592654    1.047197551  -85.698889489  -62.136643616   -3.862710670
   -2.951193099    1.047197551  -96.393783924  -49.260445487   -3.031264990
   -2.760793544    1.047197551 -104.209267680  -32.785069557   -1.928344424
   -2.570393989    1.047197551 -108.996070247  -18.328491194   -0.816113558
   -2.379994435    1.047197551 -111.598703579  -10.324671164    0.127573371
   -2.189594880    1.047197551 -113.413511050   -9.885026581    0.822956371
   -1.999195325    1.047197551 -115.665952879  -14.137698543    1.265888255
   -1.808795770    1.047197551 -118.745325159  -17.562855189    1.485415108
   -1.618396215    1.047197551 -121.958351900  -14.862047093    1.498068492
   -1.427996661    1.047197551 -123.870450954   -3.914935585    1.298002628
   -1.237597106    1.047197551 -123.057158832   13.049776049    0.891925835
   -1.047197551    1.047197551 -118.858012907   30.564679897    0.367904289
   -0.856797996    1.047197551 -111.742992771   42.787499901   -0.056270694
   -0.666398442    1.047197551 -103.120588995   46.034607818   -0.036084702
   -0.475998887    1.047197551  -94.788876067   39.921927171    0.826382224
   -0.285599332    1.047197551  -88.339800475   26.823338985    2.870020368
   -0.095199777    1.047197551  -84.754415200   10.565640215    6.276550137
    0.095199777    1.047197551  -84.234470750   -4.706565745   10.973664650
    0.285599332    1.047197551  -86.212171764  -15.045863854   16.562772568
    0.475998887    1.047197551  -89.434535856  -17.380319203   22.292987841
    0.666398442    1.047197551  -92.202165742  -10.287172993   27.173541184
    0.856797996    1.047197551  -92.783289965    5.174764768   30.221925850
    1.047197551    1.047197551  -89.912102510   25.127088606   30.792341536
    1.237597106    1.047197551  -83.262702505   43.914361513   28.803322035
    1.427996661    1.047197551  -73.610238115   55.883673070   24.740981013
    1.618396215    1.047197551  -62.646811560   57.316092793   19.446793029
    1.808795770    1.047197551  -52.499253860   47.436025612   13.809090888
    1.999195325    1.047197551  -45.174732687   28.137646916    8.520224104
    2.189594880    1.047197551  -42.133352035    3.197373495    3.996107486
    2.379994435    1.047197551  -44.023464349  -22.905375717    0.436028242
    2.570393989    1.047197551  -50.632987378  -45.656641350   -2.093017476
    2.760793544    1.047197551  -60.937116819  -61.149942706   -3.593010435
    2.951193099    1.047197551  -73.278820906  -66.816477219   -4.130160932

   -3.141592654    1.396263402  -90.354460143  -60.655515771   -9.697112704
   -2.951193099    1.396263402 -100.621889533  -46.336101601   -8.370562705
   -2.760793544    1.396263402 -107.793470745  -29.054824367   -6.683324057
   -2.570393989    1.396263402 -111.845956606  -14.441671923   -4.902721374
   -2.379994435    1.396263402 -113.736235967   -6.798338078   -3.187344787
   -2.189594880    1.396263402 -114.941706177   -7.055543009   -1.602550342
   -1.999195325    1.396263402 -116.739244189  -12.219590765   -0.190095305
   -1.808795770    1.396263402 -119.554318784  -16.738833006    0.965204256
   -1.618396215    1.396263402 -122.726954930  -15.290034732    1.720165744
   -1.427996661    1.396263402 -124.841583319   -5.606483784    1.952147946
   -1.237597106    1.396263402 -124.446694469   10.428949644    1.678648694
   -1.047197551    1.396263402 -120.773468972   27.821547983    1.146632334
   -0.856797996    1.396263402 -114.099207032   41.107904223    0.809952858
   -0.666398442    1.396263402 -105.595383638   46.652859227    1.201577904
   -0.475998887    1.396263402  -96.853874705   43.695631262    2.747196703
   -0.285599332    1.396263402  -89.365244152   33.926852109    5.616787528
   -0.095199777    1.396263402  -84.152916849   20.380426642    9.666042330
    0.095199777    1.396263402  -81.607227590    6.489862316   14.440769440
    0.285599332    1.396263402  -81.463940736   -4.290013610   19.241797150
    0.475998887    1.396263402  -82.835644300   -9.006342671   23.227973510
    0.666398442    1.396263402  -84.366593805   -5.877594014   25.605863505
    0.856797996    1.396263402  -84.553421074    4.877075800   25.852243076
    1.047197551    1.396263402  -82.170154567   20.448904375   23.892532109
    1.237597106    1.396263402  -76.735743134   36.082045483   20.120062377
    1.427996661    1.396263402  -68.746385417   46.502550443   15.230409299
    1.618396215    1.396263402  -59.601993240   47.771746531    9.966268170
    1.808795770    1.396263402  -51.216170433   38.558706740    4.903196178
    1.999195325    1.396263402  -45.490147857   20.238807581    0.367931331
    2.189594880    1.396263402  -43.853141072   -3.642533232   -3.493064890
    2.379994435    1.396263402  -46.936770820  -28.564606327   -6.592547984
    2.570393989    1.396263402  -54.490578114  -49.854706645   -8.829067649
    2.760793544    1.396263402  -65.428559790  -63.547494899  -10.095323981
    2.951193099    1.396263402  -78.039500555  -67.219504593  -10.351505325

   -3.141592654    1.745329252  -96.710284664  -58.824374524  -15.772684916
   -2.951193099    1.745329252 -106.469852547  -42.937310764  -14.655746067
   -2.760793544    1.745329252 -112.898716594  -24.772513980  -12.976200657
   -2.570393989    1.745329252 -116.103985997   -9.918122461  -10.892835883
   -2.379994435    1.745329252 -117.148526993   -2.503249312   -8.508924714
   -2.189594880    1.745329252 -117.584116064   -3.318109380   -5.896437013
   -1.999195325    1.745329252 -118.746948261   -9.344755360   -3.164193737
   -1.808795770    1.745329252 -121.122581865  -15.056827496   -0.514453469
   -1.618396215    1.745329252 -124.107348976  -15.026229706    1.765498589
   -1.427996661    1.745329252 -126.299353318   -6.635126970    3.422804076
   -1.237597106    1.745329252 -126.174603929    8.764132451    4.392926490
   -1.047197551    1.745329252 -122.790296603   26.654017791    4.900949344
   -0.856797996    1.745329252 -116.187512782   41.718357107    5.412321037
   -0.666398442    1.745329252 -107.317794274   49.989452778    6.451640528
   -0.475998887    1.745329252  -97.655035330   50.001867692    8.362779104
   -0.285599332    1.745329252  -88.722030130   42.625499560   11.148144843
   -0.095199777    1.745329252  -81.721962282   30.195635621   14.441451569
    0.095199777    1.745329252  -77.334390561   15.721939705   17.597636919
    0.285599332    1.745329252  -75.631383375    2.581187352   19.874086429
    0.475998887    1.745329252  -76.037602435   -5.918711324   20.626482006
    0.666398442    1.745329252  -77.400526074   -7.221343234   19.511479398
    0.856797996    1.745329252  -78.244067360   -0.521794761   16.610975426
    1.047197551    1.745329252  -77.178817942   12.276326282   12.414308593
    1.237597106    1.745329252  -73.430495252   26.816188920    7.638947160
    1.427996661    1.745329252  -67.189611640   37.579984374    2.963645838
    1.618396215    1.745329252  -59.646590742   39.924941014   -1.188786621
    1.808795770    1.745329252  -52.647747547   31.789090635   -4.710617867
    1.999195325    1.745329252  -48.136723148   14.179322586   -7.713541520
    2.189594880    1.745329252  -47.610621075   -9.264873075  -10.343740443
    2.379994435    1.745329252  -51.717939854  -33.631417184  -12.640257252
    2.570393989    1.745329252  -60.146053605  -53.857291590  -14.494533620
    2.760793544    1.745329252  -71.695500543  -65.858569561  -15.719027449
    2.951193099    1.745329252  -84.551990237  -67.436124769  -16.157975122

   -3.141592654    2.094395102 -103.438683354  -57.889406476  -18.239095473
   -2.951193099    2.094395102 -112.900886607  -40.789960295  -17.158256562
   -2.760793544    2.094395102 -118.822667827  -21.643333603  -15.360599186
   -2.570393989    2.094395102 -121.357269180   -6.041479084  -12.960874884
   -2.379994435    2.094395102 -121.607528568    1.926816608  -10.062890773
   -2.189594880    2.094395102 -121.161765107    1.462408360   -6.757750476
   -1.999195325    2.094395102 -121.404050586   -4.522771368   -3.170226395
   -1.808795770    2.094395102 -122.890912864  -10.630640078    0.492946245
   -1.618396215    2.094395102 -125.104331480  -11.417905136    3.936528460
   -1.427996661    2.094395102 -126.701612978   -3.999606016    6.869918133
   -1.237597106    2.094395102 -126.147091737   10.727837930    9.137441541
   -1.047197551    2.094395102 -122.396638073   28.673081211   10.811597488
   -0.856797996    2.094395102 -115.334649052   44.648859506   12.160200077
   -0.666398442    2.094395102 -105.771659687   54.376710726   13.495969438
   -0.475998887    2.094395102  -95.135231794   55.757191339   14.972656904
   -0.285599332    2.094395102  -85.034755486   48.939467820   16.460095866
   -0.095199777    2.094395102  -76.882554949   35.725701183   17.546952138
    0.095199777    2.094395102  -71.635966899   18.975476477   17.670398170
    0.285599332    2.094395102  -69.629599704    2.365122861   16.335314024
    0.475998887    2.094395102  -70.451374986  -10.064415793   13.324006980
    0.666398442    2.094395102  -72.945300112  -14.782313881    8.845909122
    0.856797996    2.094395102  -75.449324591  -10.110292607    3.534424810
    1.047197551    2.094395102  -76.261314303    2.448796019   -1.746053089
    1.237597106    2.094395102  -74.280216875   18.284200502   -6.204852934
    1.427996661    2.094395102  -69.471517275   31.113772001   -9.412559244
    1.618396215    2.094395102  -62.965837417   35.413215633  -11.412631339
    1.808795770    2.094395102  -56.693812812   28.528696694  -12.610589949
    1.999195325    2.094395102  -52.749357038   11.381891807  -13.528493585
    2.189594880    2.094395102  -52.753657064  -12.070801415  -14.546684635
    2.379994435    2.094395102  -57.400253362  -36.442499464  -15.773894368
    2.570393989    2.094395102  -66.337669963  -56.305058058  -17.049679479
    2.760793544    2.094395102  -78.281035446  -67.459823619  -18.069039962
    2.951193099    2.094395102  -91.332306850  -67.826546025  -18.529064672

   -3.141592654    2.443460953 -109.759550758  -57.608601915  -12.628439464
   -2.951193099    2.443460953 -119.055290144  -39.324193845  -11.238261642
   -2.760793544    2.443460953 -124.581180620  -18.965420713   -9.319643872
   -2.570393989    2.443460953 -126.492724261   -2.191677914   -6.968923505
   -2.379994435    2.443460953 -125.902316051    6.887037473   -4.249933289
   -2.189594880    2.443460953 -124.414231061    7.414646969   -1.165539389
   -1.999195325    2.443460953 -123.447121262    2.166806762    2.297412431
   -1.808795770    2.443460953 -123.623115694   -3.645603593    6.075838049
   -1.618396215    2.443460953 -124.521096431   -4.685866344    9.954130945
   -1.427996661    2.443460953 -124.898829105    2.011033660   13.594366047
   -1.237597106    2.443460953 -123.287367865   15.809485165   16.653106868
   -1.047197551    2.443460953 -118.651523375   32.923910233   18.919291546
   -0.856797996    2.443460953 -110.839102618   48.315954037   20.364881957
   -0.666398442    2.443460953 -100.622240679   57.558205250   21.078619006
   -0.475998887    2.443460953  -89.444231236   58.170967040   21.117702462
   -0.285599332    2.443460953  -79.011065870   49.865991755   20.397410470
   -0.095199777    2.443460953  -70.898969804   34.210445049   18.675100776
    0.095199777    2.443460953  -66.239431139   14.226451415   15.661799161
    0.285599332    2.443460953  -65.467296305   -5.813491924   11.220558020
    0.475998887    2.443460953  -68.124779565  -20.969759672    5.544870392
    0.666398442    2.443460953  -72.835612260  -26.836206307   -0.763682691
    0.856797996    2.443460953  -77.584867792  -21.293503478   -6.803490215
    1.047197551    2.443460953  -80.297641485   -6.085571338  -11.664845255
    1.237597106    2.443460953  -79.609776004   13.299568358  -14.755549581
    1.427996661    2.443460953  -75.421214121   29.463545924  -16.011883701
    1.618396215    2.443460953  -68.995189753   36.002642173  -15.870637184
    1.808795770    2.443460953  -62.512151309   29.930490755  -15.029587021
    1.999195325    2.443460953  -58.322579445   12.413387068  -14.146142318
    2.189594880    2.443460953  -58.220056655  -12.020309283  -13.612564130
    2.379994435    2.443460953  -62.954693985  -37.361827290  -13.503496625
    2.570393989    2.443460953  -72.127429737  -57.752581898  -13.634555108
    2.760793544    2.443460953  -84.349127515  -68.826295520  -13.707279961
    2.951193099    2.443460953  -97.607411884  -68.556309490  -13.434192979

   -3.141592654    2.792526803 -112.742104703  -56.300046966    0.569768040
   -2.951193099    2.792526803 -121.715900513  -37.264262301    2.527193009
   -2.760793544    2.792526803 -126.779531307  -16.192818431    4.455634098
   -2.570393989    2.792526803 -128.099784408    1.234517198    6.290027510
   -2.379994435    2.792526803 -126.792540475   11.000188951    8.123201508
   -2.189594880    2.792526803 -124.445024644   12.349530907   10.210776643
   -1.999195325    2.792526803 -122.449452621    8.038610423   12.844223195
   -1.808795770    2.792526803 -121.423068650    3.066069620   16.149293728
   -1.618396215    2.792526803 -120.992898558    2.455318620   19.926795790
   -1.427996661    2.792526803 -120.020732070    8.928349677   23.665340474
   -1.237597106    2.792526803 -117.170166584   21.802268955   26.720070408
   -1.047197551    2.792526803 -111.526705186   37.440226728   28.556644650
   -0.856797996    2.792526803 -103.023936738   51.004664623   28.907388692
   -0.666398442    2.792526803  -92.489025498   58.161905584   27.772765949
   -0.475998887    2.792526803  -81.416430233   56.402181398   25.294648790
   -0.285599332    2.792526803  -71.574146347   45.368228779   21.627740957
   -0.095199777    2.792526803  -64.601228594   26.717832006   16.879081539
    0.095199777    2.792526803  -61.648882498    3.853299901   11.169241628
    0.285599332    2.792526803  -63.071624741  -18.308063444    4.762030353
    0.475998887    2.792526803  -68.198310361  -34.115419284   -1.836914909
    0.666398442    2.792526803  -75.324380930  -38.721393024   -7.896064225
    0.856797996    2.792526803  -82.071780290  -30.137654114  -12.628065361
    1.047197551    2.792526803  -86.088761125  -10.840241527  -15.467730912
    1.237597106    2.792526803  -85.913530062   12.582804175  -16.285699379
    1.427996661    2.792526803  -81.554113553   31.752034472  -15.426216108
    1.618396215    2.792526803  -74.526724618   39.777375969  -13.538005321
    1.808795770    2.792526803  -67.300153381   33.773734155  -11.297745614
    1.999195325    2.792526803  -62.450773409   15.416459774   -9.182630794
    2.189594880    2.792526803  -61.885995664  -10.166404375   -7.382206441
    2.379994435    2.792526803  -66.366625615  -36.482145300   -5.857850386
    2.570393989    2.792526803  -75.431953406  -57.418694180   -4.441378029
    2.760793544    2.792526803  -87.602551816  -68.543990787   -2.956219604
    2.951193099    2.792526803 -100.776173254  -67.897917876   -1.288960986
